{"autoClear":true,"clearColor":[0,0,0],"ambientColor":[0,0,0],"gravity":[0,-9.81,0],
"materials":[{"name":"newZombie.Material","id":"newZombie.Material","ambient":[0.8,0.8,0.8],"diffuse":[0.64,0.64,0.64],"specular":[0.5,0.5,0.5],"emissive":[0,0,0],"specularPower":50,"alpha":1,"backFaceCulling":true},{"name":"newZombie.zombie","id":"newZombie.zombie","ambient":[0.8,0.8,0.8],"diffuse":[0.8,0.8,0.8],"specular":[0,0,0],"emissive":[0,0,0],"specularPower":50,"alpha":1,"backFaceCulling":true, "diffuseTexture":{"name":"make_zom_new.png","level":1,"hasAlpha":1,"coordinatesMode":0,"uOffset":0,"vOffset":0,"uScale":1,"vScale":1,"uAng":0,"vAng":0,"wAng":0,"wrapU":1,"wrapV":1,"coordinatesIndex":0}}],
"multiMaterials":[{"name":"newZombie.Multimaterial#0","id":"newZombie.Multimaterial#0","materials":["newZombie.zombie","newZombie.Material"]}],
"skeletons":[{"name":"Armature","id":0,"bones":[
{"name":"lk_foot.R","index":0,"matrix":[3.9575,0,0,0,0,-3.6133,1.6144,0,0,1.6144,3.6133,0,-0.8557,0.9392,-0.9273,1],"parentBoneIndex":-1,"animation":{"dataType":3,"framePerSecond":24,"keys":[{"frame":1,"values":[3.9575,0,0,0,0,-3.6172,1.6056,0,0,1.6056,3.6172,0,-0.8557,0.9313,-0.9273,1]},{"frame":2,"values":[3.9575,0,0,0,0,-3.6293,1.578,0,0,1.578,3.6293,0,-0.8557,0.9073,-0.9271,1]},{"frame":3,"values":[3.9575,0,0,0,0,-3.6496,1.5305,0,0,1.5305,3.6496,0,-0.8557,0.8677,-0.9265,1]},{"frame":4,"values":[3.9575,0,0,0,0,-3.6769,1.4637,0,0,1.4637,3.6769,0,-0.8557,0.8151,-0.9252,1]},{"frame":5,"values":[3.9575,0,0,0,0,-3.709,1.3802,0,0,1.3802,3.709,0,-0.8557,0.7541,-0.9228,1]},{"frame":6,"values":[3.9575,0,0,0,0,-3.743,1.2852,0,0,1.2852,3.743,0,-0.8557,0.6909,-0.9192,1]},{"frame":7,"values":[3.9575,0,0,0,0,-3.776,1.185,0,0,1.185,3.776,0,-0.8557,0.632,-0.9143,1]},{"frame":8,"values":[3.9575,0,0,0,0,-3.8057,1.0855,0,0,1.0855,3.8057,0,-0.8557,0.5826,-0.9079,1]},{"frame":9,"values":[3.9575,0,0,0,0,-3.8313,0.9916,0,0,0.9916,3.8313,0,-0.8557,0.5459,-0.9003,1]},{"frame":10,"values":[3.9575,0,0,0,0,-3.8524,0.9061,0,0,0.9061,3.8524,0,-0.8557,0.5232,-0.8916,1]},{"frame":11,"values":[3.9575,0,0,0,0,-3.8724,0.8165,0,0,0.8165,3.8724,0,-0.8561,0.5084,-0.8458,1]},{"frame":12,"values":[3.9575,0,0,0,0,-3.8933,0.7101,0,0,0.7101,3.8933,0,-0.8573,0.4954,-0.7259,1]},{"frame":13,"values":[3.9575,0,0,0,0,-3.9133,0.59,0,0,0.59,3.9133,0,-0.8591,0.4846,-0.536,1]},{"frame":14,"values":[3.9575,0,0,0,0,-3.9305,0.4621,0,0,0.4621,3.9305,0,-0.8615,0.476,-0.2892,1]},{"frame":15,"values":[3.9575,0,0,0,0,-3.9433,0.3352,0,0,0.3352,3.9433,0,-0.8642,0.4699,-0.009,1]},{"frame":16,"values":[3.9575,0,0,0,0,-3.9514,0.2195,0,0,0.2195,3.9514,0,-0.867,0.4659,0.2742,1]},{"frame":17,"values":[3.9575,0,0,0,0,-3.9556,0.1239,0,0,0.1239,3.9556,0,-0.8694,0.4637,0.5295,1]},{"frame":18,"values":[3.9575,0,0,0,0,-3.9571,0.0544,0,0,0.0544,3.9571,0,-0.8712,0.4627,0.7328,1]},{"frame":19,"values":[3.9575,0,0,0,0,-3.9575,0.0133,0,0,0.0133,3.9575,0,-0.8724,0.4623,0.87,1]},{"frame":20,"values":[3.9575,0,0,0,0,-3.9575,0,0,0,0,3.9575,0,-0.8728,0.4623,0.936,1]},{"frame":21,"values":[3.9575,0,0,0,0,-3.9575,0.0216,0,0,0.0216,3.9575,0,-0.8728,0.4626,0.9647,1]},{"frame":22,"values":[3.9575,0,0,0,0,-3.9565,0.0879,0,0,0.0879,3.9565,0,-0.8728,0.4639,0.9894,1]},{"frame":23,"values":[3.9575,0,0,0,0,-3.9526,0.1978,0,0,0.1978,3.9526,0,-0.8728,0.4669,1.0094,1]},{"frame":24,"values":[3.9575,0,0,0,0,-3.9426,0.3438,0,0,0.3438,3.9426,0,-0.8728,0.4723,1.0242,1]},{"frame":25,"values":[3.9575,0,0,0,0,-3.9244,0.5112,0,0,0.5112,3.9244,0,-0.8728,0.4808,1.0339,1]},{"frame":26,"values":[3.9575,0,0,0,0,-3.8984,0.6812,0,0,0.6812,3.8984,0,-0.8728,0.4926,1.0395,1]},{"frame":27,"values":[3.9575,0,0,0,0,-3.8681,0.8364,0,0,0.8364,3.8681,0,-0.8728,0.5076,1.0421,1]},{"frame":28,"values":[3.9575,0,0,0,0,-3.838,0.9651,0,0,0.9651,3.838,0,-0.8728,0.5254,1.0429,1]},{"frame":29,"values":[3.9575,0,0,0,0,-3.8123,1.0623,0,0,1.0623,3.8123,0,-0.8728,0.5455,1.043,1]},{"frame":30,"values":[3.9575,0,0,0,0,-3.789,1.1424,0,0,1.1424,3.789,0,-0.8725,0.5701,1.0127,1]},{"frame":31,"values":[3.9575,0,0,0,0,-3.7647,1.2201,0,0,1.2201,3.7647,0,-0.8717,0.602,0.9213,1]},{"frame":32,"values":[3.9575,0,0,0,0,-3.7399,1.2943,0,0,1.2943,3.7399,0,-0.8704,0.6405,0.7706,1]},{"frame":33,"values":[3.9575,0,0,0,0,-3.7153,1.3632,0,0,1.3632,3.7153,0,-0.8686,0.6843,0.5672,1]},{"frame":34,"values":[3.9575,0,0,0,0,-3.6919,1.4255,0,0,1.4255,3.6919,0,-0.8665,0.7315,0.3236,1]},{"frame":35,"values":[3.9575,0,0,0,0,-3.6705,1.4795,0,0,1.4795,3.6705,0,-0.8642,0.7793,0.0582,1]},{"frame":36,"values":[3.9575,0,0,0,0,-3.6522,1.5243,0,0,1.5243,3.6522,0,-0.862,0.8246,-0.2073,1]},{"frame":37,"values":[3.9575,0,0,0,0,-3.6373,1.5595,0,0,1.5595,3.6373,0,-0.8599,0.8647,-0.451,1]},{"frame":38,"values":[3.9575,0,0,0,0,-3.6262,1.5851,0,0,1.5851,3.6262,0,-0.8581,0.8971,-0.6546,1]},{"frame":39,"values":[3.9575,0,0,0,0,-3.6187,1.6021,0,0,1.6021,3.6187,0,-0.8568,0.9206,-0.8054,1]},{"frame":40,"values":[3.9575,0,0,0,0,-3.6145,1.6115,0,0,1.6115,3.6145,0,-0.856,0.9346,-0.897,1]}],"loopBehavior":1,"name":"anim","property":"_matrix"}},
{"name":"foot.R","index":1,"matrix":[0.9974,0.0447,-0.0569,0,-0.0719,0.6965,-0.7139,0,0.0077,0.7162,0.6979,0,0,0,0,1],"parentBoneIndex":0,"animation":{"dataType":3,"framePerSecond":24,"keys":[{"frame":1,"values":[0.9974,0.0447,-0.0569,0,-0.0719,0.6965,-0.7139,0,0.0077,0.7162,0.6979,0,0,0,0,1]},{"frame":2,"values":[0.9974,0.0447,-0.0569,0,-0.0719,0.6965,-0.7139,0,0.0077,0.7162,0.6979,0,0,0,0,1]},{"frame":3,"values":[0.9974,0.0447,-0.0569,0,-0.0719,0.6965,-0.7139,0,0.0077,0.7162,0.6979,0,0,0,0,1]},{"frame":4,"values":[0.9974,0.0447,-0.0569,0,-0.0719,0.6965,-0.7139,0,0.0077,0.7162,0.6979,0,0,0,0,1]},{"frame":5,"values":[0.9974,0.0447,-0.0569,0,-0.0719,0.6965,-0.7139,0,0.0077,0.7162,0.6979,0,0,0,0,1]},{"frame":6,"values":[0.9974,0.0447,-0.0569,0,-0.0719,0.6965,-0.7139,0,0.0077,0.7162,0.6979,0,0,0,0,1]},{"frame":7,"values":[0.9974,0.0447,-0.0569,0,-0.0719,0.6965,-0.7139,0,0.0077,0.7162,0.6979,0,0,0,0,1]},{"frame":8,"values":[0.9974,0.0447,-0.0569,0,-0.0719,0.6965,-0.7139,0,0.0077,0.7162,0.6979,0,0,0,0,1]},{"frame":9,"values":[0.9974,0.0447,-0.0569,0,-0.0719,0.6965,-0.7139,0,0.0077,0.7162,0.6979,0,0,0,0,1]},{"frame":10,"values":[0.9974,0.0447,-0.0569,0,-0.0719,0.6965,-0.7139,0,0.0077,0.7162,0.6979,0,0,0,0,1]},{"frame":11,"values":[0.9974,0.0447,-0.0569,0,-0.0719,0.6965,-0.7139,0,0.0077,0.7162,0.6979,0,0,0,0,1]},{"frame":12,"values":[0.9974,0.0447,-0.0569,0,-0.0719,0.6965,-0.7139,0,0.0077,0.7162,0.6979,0,0,0,0,1]},{"frame":13,"values":[0.9974,0.0447,-0.0569,0,-0.0719,0.6965,-0.7139,0,0.0077,0.7162,0.6979,0,0,0,0,1]},{"frame":14,"values":[0.9974,0.0447,-0.0569,0,-0.0719,0.6965,-0.7139,0,0.0077,0.7162,0.6979,0,0,0,0,1]},{"frame":15,"values":[0.9974,0.0447,-0.0569,0,-0.0719,0.6965,-0.7139,0,0.0077,0.7162,0.6979,0,0,0,0,1]},{"frame":16,"values":[0.9974,0.0447,-0.0569,0,-0.0719,0.6965,-0.7139,0,0.0077,0.7162,0.6979,0,0,0,0,1]},{"frame":17,"values":[0.9974,0.0447,-0.0569,0,-0.0719,0.6965,-0.7139,0,0.0077,0.7162,0.6979,0,0,0,0,1]},{"frame":18,"values":[0.9974,0.0447,-0.0569,0,-0.0719,0.6965,-0.7139,0,0.0077,0.7162,0.6979,0,0,0,0,1]},{"frame":19,"values":[0.9974,0.0447,-0.0569,0,-0.0719,0.6965,-0.7139,0,0.0077,0.7162,0.6979,0,0,0,0,1]},{"frame":20,"values":[0.9974,0.0447,-0.0569,0,-0.0719,0.6965,-0.7139,0,0.0077,0.7162,0.6979,0,0,0,0,1]},{"frame":21,"values":[0.9974,0.0447,-0.0569,0,-0.0719,0.6965,-0.7139,0,0.0077,0.7162,0.6979,0,0,0,0,1]},{"frame":22,"values":[0.9974,0.0447,-0.0569,0,-0.0719,0.6965,-0.7139,0,0.0077,0.7162,0.6979,0,0,0,0,1]},{"frame":23,"values":[0.9974,0.0447,-0.0569,0,-0.0719,0.6965,-0.7139,0,0.0077,0.7162,0.6979,0,0,0,0,1]},{"frame":24,"values":[0.9974,0.0447,-0.0569,0,-0.0719,0.6965,-0.7139,0,0.0077,0.7162,0.6979,0,0,0,0,1]},{"frame":25,"values":[0.9974,0.0447,-0.0569,0,-0.0719,0.6965,-0.7139,0,0.0077,0.7162,0.6979,0,0,0,0,1]},{"frame":26,"values":[0.9974,0.0447,-0.0569,0,-0.0719,0.6965,-0.7139,0,0.0077,0.7162,0.6979,0,0,0,0,1]},{"frame":27,"values":[0.9974,0.0447,-0.0569,0,-0.0719,0.6965,-0.7139,0,0.0077,0.7162,0.6979,0,0,0,0,1]},{"frame":28,"values":[0.9974,0.0447,-0.0569,0,-0.0719,0.6965,-0.7139,0,0.0077,0.7162,0.6979,0,0,0,0,1]},{"frame":29,"values":[0.9974,0.0447,-0.0569,0,-0.0719,0.6965,-0.7139,0,0.0077,0.7162,0.6979,0,0,0,0,1]},{"frame":30,"values":[0.9974,0.0447,-0.0569,0,-0.0719,0.6965,-0.7139,0,0.0077,0.7162,0.6979,0,0,0,0,1]},{"frame":31,"values":[0.9974,0.0447,-0.0569,0,-0.0719,0.6965,-0.7139,0,0.0077,0.7162,0.6979,0,0,0,0,1]},{"frame":32,"values":[0.9974,0.0447,-0.0569,0,-0.0719,0.6965,-0.7139,0,0.0077,0.7162,0.6979,0,0,0,0,1]},{"frame":33,"values":[0.9974,0.0447,-0.0569,0,-0.0719,0.6965,-0.7139,0,0.0077,0.7162,0.6979,0,0,0,0,1]},{"frame":34,"values":[0.9974,0.0447,-0.0569,0,-0.0719,0.6965,-0.7139,0,0.0077,0.7162,0.6979,0,0,0,0,1]},{"frame":35,"values":[0.9974,0.0447,-0.0569,0,-0.0719,0.6965,-0.7139,0,0.0077,0.7162,0.6979,0,0,0,0,1]},{"frame":36,"values":[0.9974,0.0447,-0.0569,0,-0.0719,0.6965,-0.7139,0,0.0077,0.7162,0.6979,0,0,0,0,1]},{"frame":37,"values":[0.9974,0.0447,-0.0569,0,-0.0719,0.6965,-0.7139,0,0.0077,0.7162,0.6979,0,0,0,0,1]},{"frame":38,"values":[0.9974,0.0447,-0.0569,0,-0.0719,0.6965,-0.7139,0,0.0077,0.7162,0.6979,0,0,0,0,1]},{"frame":39,"values":[0.9974,0.0447,-0.0569,0,-0.0719,0.6965,-0.7139,0,0.0077,0.7162,0.6979,0,0,0,0,1]},{"frame":40,"values":[0.9974,0.0447,-0.0569,0,-0.0719,0.6965,-0.7139,0,0.0077,0.7162,0.6979,0,0,0,0,1]}],"loopBehavior":1,"name":"anim","property":"_matrix"}},
{"name":"toe.R","index":2,"matrix":[-0.9974,0.0719,-0.0077,0,0.0606,0.773,-0.6315,0,-0.0395,-0.6303,-0.7754,0,0,0.1373,0,1],"parentBoneIndex":1,"animation":{"dataType":3,"framePerSecond":24,"keys":[{"frame":1,"values":[-0.9974,0.0719,-0.0077,0,0.0606,0.773,-0.6315,0,-0.0395,-0.6303,-0.7754,0,0,0.1373,0,1]},{"frame":2,"values":[-0.9974,0.0719,-0.0077,0,0.06,0.7632,-0.6434,0,-0.0404,-0.6422,-0.7655,0,0,0.1373,0,1]},{"frame":3,"values":[-0.9974,0.0719,-0.0077,0,0.059,0.7467,-0.6626,0,-0.0419,-0.6613,-0.749,0,0,0.1373,0,1]},{"frame":4,"values":[-0.9974,0.0719,-0.0077,0,0.0575,0.7244,-0.687,0,-0.0439,-0.6856,-0.7266,0,0,0.1373,0,1]},{"frame":5,"values":[-0.9974,0.0719,-0.0077,0,0.0559,0.6981,-0.7138,0,-0.046,-0.7123,-0.7003,0,0,0.1373,0,1]},{"frame":6,"values":[-0.9974,0.0719,-0.0077,0,0.0541,0.6709,-0.7396,0,-0.048,-0.738,-0.673,0,0,0.1373,0,1]},{"frame":7,"values":[-0.9974,0.0719,-0.0077,0,0.0525,0.6461,-0.7614,0,-0.0498,-0.7598,-0.6482,0,0,0.1373,0,1]},{"frame":8,"values":[-0.9974,0.0719,-0.0077,0,0.0512,0.6267,-0.7776,0,-0.0511,-0.7759,-0.6287,0,0,0.1373,0,1]},{"frame":9,"values":[-0.9974,0.0719,-0.0077,0,0.0504,0.6146,-0.7873,0,-0.0519,-0.7856,-0.6166,0,0,0.1373,0,1]},{"frame":10,"values":[-0.9974,0.0719,-0.0077,0,0.0501,0.6105,-0.7904,0,-0.0522,-0.7887,-0.6125,0,0,0.1373,0,1]},{"frame":11,"values":[-0.9974,0.0719,-0.0077,0,0.0504,0.6146,-0.7873,0,-0.0519,-0.7856,-0.6166,0,0,0.1373,0,1]},{"frame":12,"values":[-0.9974,0.0719,-0.0077,0,0.0512,0.6267,-0.7776,0,-0.0511,-0.7759,-0.6287,0,0,0.1373,0,1]},{"frame":13,"values":[-0.9974,0.0719,-0.0077,0,0.0525,0.6461,-0.7614,0,-0.0498,-0.7598,-0.6482,0,0,0.1373,0,1]},{"frame":14,"values":[-0.9974,0.0719,-0.0077,0,0.0541,0.6709,-0.7396,0,-0.048,-0.738,-0.673,0,0,0.1373,0,1]},{"frame":15,"values":[-0.9974,0.0719,-0.0077,0,0.0559,0.6981,-0.7138,0,-0.046,-0.7123,-0.7003,0,0,0.1373,0,1]},{"frame":16,"values":[-0.9974,0.0719,-0.0077,0,0.0575,0.7244,-0.687,0,-0.0439,-0.6856,-0.7266,0,0,0.1373,0,1]},{"frame":17,"values":[-0.9974,0.0719,-0.0077,0,0.059,0.7467,-0.6626,0,-0.0419,-0.6613,-0.749,0,0,0.1373,0,1]},{"frame":18,"values":[-0.9974,0.0719,-0.0077,0,0.06,0.7632,-0.6434,0,-0.0404,-0.6422,-0.7655,0,0,0.1373,0,1]},{"frame":19,"values":[-0.9974,0.0719,-0.0077,0,0.0606,0.773,-0.6315,0,-0.0395,-0.6303,-0.7754,0,0,0.1373,0,1]},{"frame":20,"values":[-0.9974,0.0719,-0.0077,0,0.0608,0.7763,-0.6274,0,-0.0392,-0.6263,-0.7786,0,0,0.1373,0,1]},{"frame":21,"values":[-0.9974,0.0719,-0.0077,0,0.0606,0.7718,-0.633,0,-0.0396,-0.6318,-0.7741,0,0,0.1373,0,1]},{"frame":22,"values":[-0.9974,0.0719,-0.0077,0,0.0597,0.758,-0.6495,0,-0.0409,-0.6483,-0.7603,0,0,0.1373,0,1]},{"frame":23,"values":[-0.9974,0.0719,-0.0077,0,0.0582,0.7351,-0.6754,0,-0.0429,-0.6741,-0.7374,0,0,0.1373,0,1]},{"frame":24,"values":[-0.9974,0.0719,-0.0077,0,0.0563,0.7047,-0.7073,0,-0.0455,-0.7059,-0.7069,0,0,0.1373,0,1]},{"frame":25,"values":[-0.9974,0.0719,-0.0077,0,0.0541,0.6703,-0.7401,0,-0.0481,-0.7386,-0.6725,0,0,0.1373,0,1]},{"frame":26,"values":[-0.9974,0.0719,-0.0077,0,0.0519,0.6371,-0.769,0,-0.0504,-0.7674,-0.6392,0,0,0.1373,0,1]},{"frame":27,"values":[-0.9974,0.0719,-0.0077,0,0.0501,0.6102,-0.7907,0,-0.0522,-0.789,-0.6122,0,0,0.1373,0,1]},{"frame":28,"values":[-0.9974,0.0719,-0.0077,0,0.049,0.5931,-0.8037,0,-0.0533,-0.8019,-0.595,0,0,0.1373,0,1]},{"frame":29,"values":[-0.9974,0.0719,-0.0077,0,0.0486,0.5873,-0.8079,0,-0.0536,-0.8062,-0.5893,0,0,0.1373,0,1]},{"frame":30,"values":[-0.9974,0.0719,-0.0077,0,0.0488,0.5906,-0.8055,0,-0.0534,-0.8038,-0.5925,0,0,0.1373,0,1]},{"frame":31,"values":[-0.9974,0.0719,-0.0077,0,0.0495,0.6003,-0.7983,0,-0.0528,-0.7966,-0.6023,0,0,0.1373,0,1]},{"frame":32,"values":[-0.9974,0.0719,-0.0077,0,0.0505,0.6161,-0.786,0,-0.0518,-0.7844,-0.6181,0,0,0.1373,0,1]},{"frame":33,"values":[-0.9974,0.0719,-0.0077,0,0.0519,0.6371,-0.769,0,-0.0504,-0.7674,-0.6392,0,0,0.1373,0,1]},{"frame":34,"values":[-0.9974,0.0719,-0.0077,0,0.0535,0.6617,-0.7479,0,-0.0487,-0.7463,-0.6638,0,0,0.1373,0,1]},{"frame":35,"values":[-0.9974,0.0719,-0.0077,0,0.0552,0.6877,-0.7239,0,-0.0468,-0.7224,-0.6899,0,0,0.1373,0,1]},{"frame":36,"values":[-0.9974,0.0719,-0.0077,0,0.0568,0.7128,-0.699,0,-0.0448,-0.6976,-0.7151,0,0,0.1373,0,1]},{"frame":37,"values":[-0.9974,0.0719,-0.0077,0,0.0582,0.7351,-0.6754,0,-0.0429,-0.6741,-0.7374,0,0,0.1373,0,1]},{"frame":38,"values":[-0.9974,0.0719,-0.0077,0,0.0594,0.7531,-0.6552,0,-0.0413,-0.654,-0.7554,0,0,0.1373,0,1]},{"frame":39,"values":[-0.9974,0.0719,-0.0077,0,0.0602,0.7661,-0.64,0,-0.0401,-0.6387,-0.7684,0,0,0.1373,0,1]},{"frame":40,"values":[-0.9974,0.0719,-0.0077,0,0.0607,0.7738,-0.6306,0,-0.0394,-0.6294,-0.7761,0,0,0.1373,0,1]}],"loopBehavior":1,"name":"anim","property":"_matrix"}},
{"name":"heel.R","index":3,"matrix":[-0.9975,-0.0575,-0.0412,0,-0.0705,0.8549,0.5139,0,0.0057,0.5155,-0.8568,0,0,0,0,1],"parentBoneIndex":0,"animation":{"dataType":3,"framePerSecond":24,"keys":[{"frame":1,"values":[-0.9975,-0.0575,-0.0412,0,-0.0705,0.8549,0.5139,0,0.0057,0.5155,-0.8568,0,0,0,0,1]},{"frame":2,"values":[-0.9975,-0.0575,-0.0412,0,-0.0705,0.8549,0.5139,0,0.0057,0.5155,-0.8568,0,0,0,0,1]},{"frame":3,"values":[-0.9975,-0.0575,-0.0412,0,-0.0705,0.8549,0.5139,0,0.0057,0.5155,-0.8568,0,0,0,0,1]},{"frame":4,"values":[-0.9975,-0.0575,-0.0412,0,-0.0705,0.8549,0.5139,0,0.0057,0.5156,-0.8568,0,0,0,0,1]},{"frame":5,"values":[-0.9975,-0.0575,-0.0412,0,-0.0705,0.8549,0.5139,0,0.0057,0.5155,-0.8568,0,0,0,0,1]},{"frame":6,"values":[-0.9975,-0.0575,-0.0412,0,-0.0705,0.8549,0.5139,0,0.0057,0.5155,-0.8568,0,0,0,0,1]},{"frame":7,"values":[-0.9975,-0.0575,-0.0412,0,-0.0705,0.8549,0.5139,0,0.0057,0.5155,-0.8568,0,0,0,0,1]},{"frame":8,"values":[-0.9975,-0.0575,-0.0412,0,-0.0705,0.8549,0.5139,0,0.0057,0.5155,-0.8568,0,0,0,0,1]},{"frame":9,"values":[-0.9975,-0.0575,-0.0412,0,-0.0705,0.8549,0.5139,0,0.0057,0.5155,-0.8568,0,0,0,0,1]},{"frame":10,"values":[-0.9975,-0.0575,-0.0412,0,-0.0705,0.8549,0.5139,0,0.0057,0.5155,-0.8568,0,0,0,0,1]},{"frame":11,"values":[-0.9975,-0.0575,-0.0412,0,-0.0705,0.8549,0.5139,0,0.0057,0.5155,-0.8568,0,0,0,0,1]},{"frame":12,"values":[-0.9975,-0.0575,-0.0412,0,-0.0705,0.8549,0.5139,0,0.0057,0.5155,-0.8568,0,0,0,0,1]},{"frame":13,"values":[-0.9975,-0.0575,-0.0412,0,-0.0705,0.8549,0.5139,0,0.0057,0.5155,-0.8568,0,0,0,0,1]},{"frame":14,"values":[-0.9975,-0.0575,-0.0412,0,-0.0705,0.8549,0.5139,0,0.0057,0.5155,-0.8568,0,0,0,0,1]},{"frame":15,"values":[-0.9975,-0.0575,-0.0412,0,-0.0705,0.8549,0.5139,0,0.0057,0.5155,-0.8568,0,0,0,0,1]},{"frame":16,"values":[-0.9975,-0.0575,-0.0412,0,-0.0705,0.8549,0.5139,0,0.0057,0.5155,-0.8568,0,0,0,0,1]},{"frame":17,"values":[-0.9975,-0.0575,-0.0412,0,-0.0705,0.8549,0.5139,0,0.0057,0.5155,-0.8568,0,0,0,0,1]},{"frame":18,"values":[-0.9975,-0.0575,-0.0412,0,-0.0705,0.8549,0.5139,0,0.0057,0.5155,-0.8568,0,0,0,0,1]},{"frame":19,"values":[-0.9975,-0.0575,-0.0412,0,-0.0705,0.8549,0.5139,0,0.0057,0.5155,-0.8568,0,0,0,0,1]},{"frame":20,"values":[-0.9975,-0.0575,-0.0412,0,-0.0705,0.8549,0.5139,0,0.0057,0.5155,-0.8568,0,0,0,0,1]},{"frame":21,"values":[-0.9975,-0.0575,-0.0412,0,-0.0705,0.8549,0.5139,0,0.0057,0.5155,-0.8568,0,0,0,0,1]},{"frame":22,"values":[-0.9975,-0.0575,-0.0412,0,-0.0705,0.8549,0.5139,0,0.0057,0.5155,-0.8568,0,0,0,0,1]},{"frame":23,"values":[-0.9975,-0.0575,-0.0412,0,-0.0705,0.8549,0.5139,0,0.0057,0.5155,-0.8568,0,0,0,0,1]},{"frame":24,"values":[-0.9975,-0.0575,-0.0412,0,-0.0705,0.8549,0.5139,0,0.0057,0.5155,-0.8568,0,0,0,0,1]},{"frame":25,"values":[-0.9975,-0.0575,-0.0412,0,-0.0705,0.8549,0.5139,0,0.0057,0.5155,-0.8568,0,0,0,0,1]},{"frame":26,"values":[-0.9975,-0.0575,-0.0412,0,-0.0705,0.8549,0.5139,0,0.0057,0.5155,-0.8568,0,0,0,0,1]},{"frame":27,"values":[-0.9975,-0.0575,-0.0412,0,-0.0705,0.8549,0.5139,0,0.0057,0.5155,-0.8568,0,0,0,0,1]},{"frame":28,"values":[-0.9975,-0.0575,-0.0412,0,-0.0705,0.8549,0.5139,0,0.0057,0.5155,-0.8568,0,0,0,0,1]},{"frame":29,"values":[-0.9975,-0.0575,-0.0412,0,-0.0705,0.8549,0.5139,0,0.0057,0.5155,-0.8568,0,0,0,0,1]},{"frame":30,"values":[-0.9975,-0.0575,-0.0412,0,-0.0705,0.8549,0.5139,0,0.0057,0.5155,-0.8568,0,0,0,0,1]},{"frame":31,"values":[-0.9975,-0.0575,-0.0412,0,-0.0705,0.8549,0.5139,0,0.0057,0.5155,-0.8568,0,0,0,0,1]},{"frame":32,"values":[-0.9975,-0.0575,-0.0412,0,-0.0705,0.8549,0.5139,0,0.0057,0.5155,-0.8568,0,0,0,0,1]},{"frame":33,"values":[-0.9975,-0.0575,-0.0412,0,-0.0705,0.8549,0.5139,0,0.0057,0.5155,-0.8568,0,0,0,0,1]},{"frame":34,"values":[-0.9975,-0.0575,-0.0412,0,-0.0705,0.8549,0.5139,0,0.0057,0.5155,-0.8568,0,0,0,0,1]},{"frame":35,"values":[-0.9975,-0.0575,-0.0412,0,-0.0705,0.8549,0.5139,0,0.0057,0.5155,-0.8568,0,0,0,0,1]},{"frame":36,"values":[-0.9975,-0.0575,-0.0412,0,-0.0705,0.8549,0.5139,0,0.0057,0.5155,-0.8568,0,0,0,0,1]},{"frame":37,"values":[-0.9975,-0.0575,-0.0412,0,-0.0705,0.8549,0.5139,0,0.0057,0.5155,-0.8568,0,0,0,0,1]},{"frame":38,"values":[-0.9975,-0.0575,-0.0412,0,-0.0705,0.8549,0.5139,0,0.0057,0.5155,-0.8568,0,0,0,0,1]},{"frame":39,"values":[-0.9975,-0.0575,-0.0412,0,-0.0705,0.8549,0.5139,0,0.0057,0.5155,-0.8568,0,0,0,0,1]},{"frame":40,"values":[-0.9975,-0.0575,-0.0412,0,-0.0705,0.8549,0.5139,0,0.0057,0.5155,-0.8568,0,0,0,0,1]}],"loopBehavior":1,"name":"anim","property":"_matrix"}},
{"name":"lk_foot.L","index":4,"matrix":[3.9575,0,0,0,0,-3.9575,0.0169,0,0,0.0169,3.9575,0,0.8728,0.4623,0.9384,1],"parentBoneIndex":-1,"animation":{"dataType":3,"framePerSecond":24,"keys":[{"frame":1,"values":[3.9575,0,0,0,0,-3.9575,0.0169,0,0,0.0169,3.9575,0,0.8728,0.4623,0.9384,1]},{"frame":2,"values":[3.9575,0,0,0,0,-3.9569,0.0687,0,0,0.0687,3.9569,0,0.8728,0.4628,0.9455,1]},{"frame":3,"values":[3.9575,0,0,0,0,-3.9545,0.1556,0,0,0.1556,3.9545,0,0.8728,0.4642,0.9571,1]},{"frame":4,"values":[3.9575,0,0,0,0,-3.948,0.2739,0,0,0.2739,3.948,0,0.8728,0.4672,0.9723,1]},{"frame":5,"values":[3.9575,0,0,0,0,-3.9357,0.4154,0,0,0.4154,3.9357,0,0.8728,0.4727,0.9895,1]},{"frame":6,"values":[3.9575,0,0,0,0,-3.9166,0.5677,0,0,0.5677,3.9166,0,0.8728,0.4811,1.0067,1]},{"frame":7,"values":[3.9575,0,0,0,0,-3.8919,0.7177,0,0,0.7177,3.8919,0,0.8728,0.4927,1.0219,1]},{"frame":8,"values":[3.9575,0,0,0,0,-3.8642,0.8542,0,0,0.8542,3.8642,0,0.8728,0.5075,1.0335,1]},{"frame":9,"values":[3.9575,0,0,0,0,-3.8368,0.9702,0,0,0.9702,3.8368,0,0.8728,0.5253,1.0406,1]},{"frame":10,"values":[3.9575,0,0,0,0,-3.8123,1.0623,0,0,1.0623,3.8123,0,0.8728,0.5455,1.043,1]},{"frame":11,"values":[3.9575,0,0,0,0,-3.7887,1.1435,0,0,1.1435,3.7887,0,0.8724,0.5726,0.9993,1]},{"frame":12,"values":[3.9575,0,0,0,0,-3.7628,1.226,0,0,1.226,3.7628,0,0.8712,0.611,0.8678,1]},{"frame":13,"values":[3.9575,0,0,0,0,-3.7352,1.3077,0,0,1.3077,3.7352,0,0.8694,0.6596,0.6541,1]},{"frame":14,"values":[3.9575,0,0,0,0,-3.7071,1.3854,0,0,1.3854,3.7071,0,0.867,0.7152,0.3745,1]},{"frame":15,"values":[3.9575,0,0,0,0,-3.6802,1.4554,0,0,1.4554,3.6802,0,0.8642,0.7735,0.0579,1]},{"frame":16,"values":[3.9575,0,0,0,0,-3.6564,1.5143,0,0,1.5143,3.6564,0,0.8615,0.8289,-0.2588,1]},{"frame":17,"values":[3.9575,0,0,0,0,-3.6372,1.5597,0,0,1.5597,3.6372,0,0.8591,0.876,-0.5383,1]},{"frame":18,"values":[3.9575,0,0,0,0,-3.6236,1.5911,0,0,1.5911,3.6236,0,0.8573,0.9111,-0.7521,1]},{"frame":19,"values":[3.9575,0,0,0,0,-3.6157,1.6089,0,0,1.6089,3.6157,0,0.8561,0.9323,-0.8836,1]},{"frame":20,"values":[3.9575,0,0,0,0,-3.6133,1.6144,0,0,1.6144,3.6133,0,0.8557,0.9392,-0.9273,1]},{"frame":21,"values":[3.9575,0,0,0,0,-3.6186,1.6024,0,0,1.6024,3.6186,0,0.8557,0.929,-0.9273,1]},{"frame":22,"values":[3.9575,0,0,0,0,-3.6349,1.5651,0,0,1.5651,3.6349,0,0.8557,0.8983,-0.927,1]},{"frame":23,"values":[3.9575,0,0,0,0,-3.6615,1.5018,0,0,1.5018,3.6615,0,0.8557,0.8483,-0.9261,1]},{"frame":24,"values":[3.9575,0,0,0,0,-3.6959,1.415,0,0,1.415,3.6959,0,0.8557,0.7838,-0.9243,1]},{"frame":25,"values":[3.9575,0,0,0,0,-3.734,1.3112,0,0,1.3112,3.734,0,0.8557,0.7125,-0.921,1]},{"frame":26,"values":[3.9575,0,0,0,0,-3.7713,1.1998,0,0,1.1998,3.7713,0,0.8557,0.644,-0.9161,1]},{"frame":27,"values":[3.9575,0,0,0,0,-3.8043,1.0907,0,0,1.0907,3.8043,0,0.8557,0.5866,-0.9094,1]},{"frame":28,"values":[3.9575,0,0,0,0,-3.8314,0.9913,0,0,0.9913,3.8314,0,0.8557,0.5457,-0.9012,1]},{"frame":29,"values":[3.9575,0,0,0,0,-3.8524,0.9061,0,0,0.9061,3.8524,0,0.8557,0.5232,-0.8916,1]},{"frame":30,"values":[3.9575,0,0,0,0,-3.8709,0.8236,0,0,0.8236,3.8709,0,0.856,0.5108,-0.8546,1]},{"frame":31,"values":[3.9575,0,0,0,0,-3.8893,0.7317,0,0,0.7317,3.8893,0,0.8568,0.4995,-0.7632,1]},{"frame":32,"values":[3.9575,0,0,0,0,-3.9068,0.6317,0,0,0.6317,3.9068,0,0.8581,0.4897,-0.6194,1]},{"frame":33,"values":[3.9575,0,0,0,0,-3.9223,0.5265,0,0,0.5265,3.9223,0,0.8599,0.4815,-0.4291,1]},{"frame":34,"values":[3.9575,0,0,0,0,-3.9352,0.42,0,0,0.42,3.9352,0,0.862,0.4748,-0.2039,1]},{"frame":35,"values":[3.9575,0,0,0,0,-3.9448,0.3171,0,0,0.3171,3.9448,0,0.8642,0.4699,0.0398,1]},{"frame":36,"values":[3.9575,0,0,0,0,-3.9512,0.2233,0,0,0.2233,3.9512,0,0.8665,0.4664,0.2823,1]},{"frame":37,"values":[3.9575,0,0,0,0,-3.9549,0.143,0,0,0.143,3.9549,0,0.8686,0.4643,0.5042,1]},{"frame":38,"values":[3.9575,0,0,0,0,-3.9567,0.0797,0,0,0.0797,3.9567,0,0.8704,0.4631,0.689,1]},{"frame":39,"values":[3.9575,0,0,0,0,-3.9574,0.0348,0,0,0.0348,3.9574,0,0.8717,0.4625,0.8258,1]},{"frame":40,"values":[3.9575,0,0,0,0,-3.9575,0.0085,0,0,0.0085,3.9575,0,0.8725,0.4623,0.9086,1]}],"loopBehavior":1,"name":"anim","property":"_matrix"}},
{"name":"foot.L","index":5,"matrix":[0.9974,-0.0447,0.0569,0,0.0719,0.6965,-0.7139,0,-0.0077,0.7162,0.6979,0,0,0,0,1],"parentBoneIndex":4,"animation":{"dataType":3,"framePerSecond":24,"keys":[{"frame":1,"values":[0.9974,-0.0447,0.0569,0,0.0719,0.6965,-0.7139,0,-0.0077,0.7162,0.6979,0,0,0,0,1]},{"frame":2,"values":[0.9974,-0.0447,0.0569,0,0.0719,0.6965,-0.7139,0,-0.0077,0.7162,0.6979,0,0,0,0,1]},{"frame":3,"values":[0.9974,-0.0447,0.0569,0,0.0719,0.6965,-0.7139,0,-0.0077,0.7162,0.6979,0,0,0,0,1]},{"frame":4,"values":[0.9974,-0.0447,0.0569,0,0.0719,0.6965,-0.7139,0,-0.0077,0.7162,0.6979,0,0,0,0,1]},{"frame":5,"values":[0.9974,-0.0447,0.0569,0,0.0719,0.6965,-0.7139,0,-0.0077,0.7162,0.6979,0,0,0,0,1]},{"frame":6,"values":[0.9974,-0.0447,0.0569,0,0.0719,0.6965,-0.7139,0,-0.0077,0.7162,0.6979,0,0,0,0,1]},{"frame":7,"values":[0.9974,-0.0447,0.0569,0,0.0719,0.6965,-0.7139,0,-0.0077,0.7162,0.6979,0,0,0,0,1]},{"frame":8,"values":[0.9974,-0.0447,0.0569,0,0.0719,0.6965,-0.7139,0,-0.0077,0.7162,0.6979,0,0,0,0,1]},{"frame":9,"values":[0.9974,-0.0447,0.0569,0,0.0719,0.6965,-0.7139,0,-0.0077,0.7162,0.6979,0,0,0,0,1]},{"frame":10,"values":[0.9974,-0.0447,0.0569,0,0.0719,0.6965,-0.7139,0,-0.0077,0.7162,0.6979,0,0,0,0,1]},{"frame":11,"values":[0.9974,-0.0447,0.0569,0,0.0719,0.6965,-0.7139,0,-0.0077,0.7162,0.6979,0,0,0,0,1]},{"frame":12,"values":[0.9974,-0.0447,0.0569,0,0.0719,0.6965,-0.7139,0,-0.0077,0.7162,0.6979,0,0,0,0,1]},{"frame":13,"values":[0.9974,-0.0447,0.0569,0,0.0719,0.6965,-0.7139,0,-0.0077,0.7162,0.6979,0,0,0,0,1]},{"frame":14,"values":[0.9974,-0.0447,0.0569,0,0.0719,0.6965,-0.7139,0,-0.0077,0.7162,0.6979,0,0,0,0,1]},{"frame":15,"values":[0.9974,-0.0447,0.0569,0,0.0719,0.6965,-0.7139,0,-0.0077,0.7162,0.6979,0,0,0,0,1]},{"frame":16,"values":[0.9974,-0.0447,0.0569,0,0.0719,0.6965,-0.7139,0,-0.0077,0.7162,0.6979,0,0,0,0,1]},{"frame":17,"values":[0.9974,-0.0447,0.0569,0,0.0719,0.6965,-0.7139,0,-0.0077,0.7162,0.6979,0,0,0,0,1]},{"frame":18,"values":[0.9974,-0.0447,0.0569,0,0.0719,0.6965,-0.7139,0,-0.0077,0.7162,0.6979,0,0,0,0,1]},{"frame":19,"values":[0.9974,-0.0447,0.0569,0,0.0719,0.6965,-0.7139,0,-0.0077,0.7162,0.6979,0,0,0,0,1]},{"frame":20,"values":[0.9974,-0.0447,0.0569,0,0.0719,0.6965,-0.7139,0,-0.0077,0.7162,0.6979,0,0,0,0,1]},{"frame":21,"values":[0.9974,-0.0447,0.0569,0,0.0719,0.6965,-0.7139,0,-0.0077,0.7162,0.6979,0,0,0,0,1]},{"frame":22,"values":[0.9974,-0.0447,0.0569,0,0.0719,0.6965,-0.7139,0,-0.0077,0.7162,0.6979,0,0,0,0,1]},{"frame":23,"values":[0.9974,-0.0447,0.0569,0,0.0719,0.6965,-0.7139,0,-0.0077,0.7162,0.6979,0,0,0,0,1]},{"frame":24,"values":[0.9974,-0.0447,0.0569,0,0.0719,0.6965,-0.7139,0,-0.0077,0.7162,0.6979,0,0,0,0,1]},{"frame":25,"values":[0.9974,-0.0447,0.0569,0,0.0719,0.6965,-0.7139,0,-0.0077,0.7162,0.6979,0,0,0,0,1]},{"frame":26,"values":[0.9974,-0.0447,0.0569,0,0.0719,0.6965,-0.7139,0,-0.0077,0.7162,0.6979,0,0,0,0,1]},{"frame":27,"values":[0.9974,-0.0447,0.0569,0,0.0719,0.6965,-0.7139,0,-0.0077,0.7162,0.6979,0,0,0,0,1]},{"frame":28,"values":[0.9974,-0.0447,0.0569,0,0.0719,0.6965,-0.7139,0,-0.0077,0.7162,0.6979,0,0,0,0,1]},{"frame":29,"values":[0.9974,-0.0447,0.0569,0,0.0719,0.6965,-0.7139,0,-0.0077,0.7162,0.6979,0,0,0,0,1]},{"frame":30,"values":[0.9974,-0.0447,0.0569,0,0.0719,0.6965,-0.7139,0,-0.0077,0.7162,0.6979,0,0,0,0,1]},{"frame":31,"values":[0.9974,-0.0447,0.0569,0,0.0719,0.6965,-0.7139,0,-0.0077,0.7162,0.6979,0,0,0,0,1]},{"frame":32,"values":[0.9974,-0.0447,0.0569,0,0.0719,0.6965,-0.7139,0,-0.0077,0.7162,0.6979,0,0,0,0,1]},{"frame":33,"values":[0.9974,-0.0447,0.0569,0,0.0719,0.6965,-0.7139,0,-0.0077,0.7162,0.6979,0,0,0,0,1]},{"frame":34,"values":[0.9974,-0.0447,0.0569,0,0.0719,0.6965,-0.7139,0,-0.0077,0.7162,0.6979,0,0,0,0,1]},{"frame":35,"values":[0.9974,-0.0447,0.0569,0,0.0719,0.6965,-0.7139,0,-0.0077,0.7162,0.6979,0,0,0,0,1]},{"frame":36,"values":[0.9974,-0.0447,0.0569,0,0.0719,0.6965,-0.7139,0,-0.0077,0.7162,0.6979,0,0,0,0,1]},{"frame":37,"values":[0.9974,-0.0447,0.0569,0,0.0719,0.6965,-0.7139,0,-0.0077,0.7162,0.6979,0,0,0,0,1]},{"frame":38,"values":[0.9974,-0.0447,0.0569,0,0.0719,0.6965,-0.7139,0,-0.0077,0.7162,0.6979,0,0,0,0,1]},{"frame":39,"values":[0.9974,-0.0447,0.0569,0,0.0719,0.6965,-0.7139,0,-0.0077,0.7162,0.6979,0,0,0,0,1]},{"frame":40,"values":[0.9974,-0.0447,0.0569,0,0.0719,0.6965,-0.7139,0,-0.0077,0.7162,0.6979,0,0,0,0,1]}],"loopBehavior":1,"name":"anim","property":"_matrix"}},
{"name":"toe.L","index":6,"matrix":[-0.9974,-0.0719,0.0077,0,-0.0606,0.7726,-0.632,0,0.0395,-0.6308,-0.775,0,0,0.1373,0,1],"parentBoneIndex":5,"animation":{"dataType":3,"framePerSecond":24,"keys":[{"frame":1,"values":[-0.9974,-0.0719,0.0077,0,-0.0606,0.7726,-0.632,0,0.0395,-0.6308,-0.775,0,0,0.1373,0,1]},{"frame":2,"values":[-0.9974,-0.0719,0.0077,0,-0.0599,0.7615,-0.6454,0,0.0406,-0.6442,-0.7638,0,0,0.1373,0,1]},{"frame":3,"values":[-0.9974,-0.0719,0.0077,0,-0.0587,0.7429,-0.6668,0,0.0423,-0.6656,-0.7452,0,0,0.1373,0,1]},{"frame":4,"values":[-0.9974,-0.0719,0.0077,0,-0.0571,0.7176,-0.6941,0,0.0444,-0.6927,-0.7198,0,0,0.1373,0,1]},{"frame":5,"values":[-0.9974,-0.0719,0.0077,0,-0.0552,0.6877,-0.7239,0,0.0468,-0.7224,-0.6899,0,0,0.1373,0,1]},{"frame":6,"values":[-0.9974,-0.0719,0.0077,0,-0.0532,0.6566,-0.7524,0,0.0491,-0.7508,-0.6587,0,0,0.1373,0,1]},{"frame":7,"values":[-0.9974,-0.0719,0.0077,0,-0.0513,0.6282,-0.7764,0,0.051,-0.7747,-0.6302,0,0,0.1373,0,1]},{"frame":8,"values":[-0.9974,-0.0719,0.0077,0,-0.0498,0.6059,-0.794,0,0.0525,-0.7923,-0.6079,0,0,0.1373,0,1]},{"frame":9,"values":[-0.9974,-0.0719,0.0077,0,-0.0489,0.592,-0.8045,0,0.0533,-0.8027,-0.5939,0,0,0.1373,0,1]},{"frame":10,"values":[-0.9974,-0.0719,0.0077,0,-0.0486,0.5873,-0.8079,0,0.0536,-0.8062,-0.5893,0,0,0.1373,0,1]},{"frame":11,"values":[-0.9974,-0.0719,0.0077,0,-0.0489,0.592,-0.8045,0,0.0533,-0.8027,-0.5939,0,0,0.1373,0,1]},{"frame":12,"values":[-0.9974,-0.0719,0.0077,0,-0.0498,0.6059,-0.794,0,0.0525,-0.7923,-0.6079,0,0,0.1373,0,1]},{"frame":13,"values":[-0.9974,-0.0719,0.0077,0,-0.0513,0.6282,-0.7764,0,0.051,-0.7747,-0.6302,0,0,0.1373,0,1]},{"frame":14,"values":[-0.9974,-0.0719,0.0077,0,-0.0532,0.6566,-0.7524,0,0.0491,-0.7508,-0.6587,0,0,0.1373,0,1]},{"frame":15,"values":[-0.9974,-0.0719,0.0077,0,-0.0552,0.6877,-0.7239,0,0.0468,-0.7224,-0.6899,0,0,0.1373,0,1]},{"frame":16,"values":[-0.9974,-0.0719,0.0077,0,-0.0571,0.7176,-0.6941,0,0.0444,-0.6927,-0.7198,0,0,0.1373,0,1]},{"frame":17,"values":[-0.9974,-0.0719,0.0077,0,-0.0587,0.7429,-0.6668,0,0.0423,-0.6655,-0.7452,0,0,0.1373,0,1]},{"frame":18,"values":[-0.9974,-0.0719,0.0077,0,-0.0599,0.7615,-0.6454,0,0.0406,-0.6442,-0.7638,0,0,0.1373,0,1]},{"frame":19,"values":[-0.9974,-0.0719,0.0077,0,-0.0606,0.7726,-0.6319,0,0.0395,-0.6308,-0.775,0,0,0.1373,0,1]},{"frame":20,"values":[-0.9974,-0.0719,0.0077,0,-0.0608,0.7763,-0.6274,0,0.0392,-0.6263,-0.7786,0,0,0.1373,0,1]},{"frame":21,"values":[-0.9974,-0.0719,0.0077,0,-0.0606,0.7723,-0.6324,0,0.0396,-0.6312,-0.7746,0,0,0.1373,0,1]},{"frame":22,"values":[-0.9974,-0.0719,0.0077,0,-0.0598,0.76,-0.6471,0,0.0407,-0.6459,-0.7624,0,0,0.1373,0,1]},{"frame":23,"values":[-0.9974,-0.0719,0.0077,0,-0.0585,0.7398,-0.6703,0,0.0425,-0.669,-0.7421,0,0,0.1373,0,1]},{"frame":24,"values":[-0.9974,-0.0719,0.0077,0,-0.0568,0.713,-0.6988,0,0.0448,-0.6974,-0.7153,0,0,0.1373,0,1]},{"frame":25,"values":[-0.9974,-0.0719,0.0077,0,-0.0549,0.6829,-0.7284,0,0.0472,-0.7269,-0.6851,0,0,0.1373,0,1]},{"frame":26,"values":[-0.9974,-0.0719,0.0077,0,-0.053,0.6539,-0.7547,0,0.0493,-0.7531,-0.656,0,0,0.1373,0,1]},{"frame":27,"values":[-0.9974,-0.0719,0.0077,0,-0.0514,0.6304,-0.7745,0,0.0509,-0.7729,-0.6325,0,0,0.1373,0,1]},{"frame":28,"values":[-0.9974,-0.0719,0.0077,0,-0.0505,0.6155,-0.7865,0,0.0518,-0.7848,-0.6175,0,0,0.1373,0,1]},{"frame":29,"values":[-0.9974,-0.0719,0.0077,0,-0.0501,0.6105,-0.7904,0,0.0522,-0.7887,-0.6125,0,0,0.1373,0,1]},{"frame":30,"values":[-0.9974,-0.0719,0.0077,0,-0.0503,0.6133,-0.7882,0,0.052,-0.7865,-0.6153,0,0,0.1373,0,1]},{"frame":31,"values":[-0.9974,-0.0719,0.0077,0,-0.0509,0.6218,-0.7815,0,0.0514,-0.7799,-0.6238,0,0,0.1373,0,1]},{"frame":32,"values":[-0.9974,-0.0719,0.0077,0,-0.0518,0.6356,-0.7703,0,0.0505,-0.7687,-0.6376,0,0,0.1373,0,1]},{"frame":33,"values":[-0.9974,-0.0719,0.0077,0,-0.053,0.6539,-0.7547,0,0.0493,-0.7531,-0.656,0,0,0.1373,0,1]},{"frame":34,"values":[-0.9974,-0.0719,0.0077,0,-0.0544,0.6754,-0.7355,0,0.0477,-0.734,-0.6775,0,0,0.1373,0,1]},{"frame":35,"values":[-0.9974,-0.0719,0.0077,0,-0.0559,0.6981,-0.7138,0,0.046,-0.7123,-0.7003,0,0,0.1373,0,1]},{"frame":36,"values":[-0.9974,-0.0719,0.0077,0,-0.0573,0.7202,-0.6914,0,0.0442,-0.69,-0.7224,0,0,0.1373,0,1]},{"frame":37,"values":[-0.9974,-0.0719,0.0077,0,-0.0585,0.7398,-0.6703,0,0.0425,-0.669,-0.7421,0,0,0.1373,0,1]},{"frame":38,"values":[-0.9974,-0.0719,0.0077,0,-0.0595,0.7557,-0.6522,0,0.0411,-0.6509,-0.758,0,0,0.1373,0,1]},{"frame":39,"values":[-0.9974,-0.0719,0.0077,0,-0.0603,0.7672,-0.6386,0,0.04,-0.6374,-0.7695,0,0,0.1373,0,1]},{"frame":40,"values":[-0.9974,-0.0719,0.0077,0,-0.0607,0.774,-0.6302,0,0.0394,-0.629,-0.7764,0,0,0.1373,0,1]}],"loopBehavior":1,"name":"anim","property":"_matrix"}},
{"name":"heel.L","index":7,"matrix":[-0.9975,0.0575,0.0412,0,0.0705,0.8549,0.5139,0,-0.0057,0.5155,-0.8568,0,0,0,0,1],"parentBoneIndex":4,"animation":{"dataType":3,"framePerSecond":24,"keys":[{"frame":1,"values":[-0.9975,0.0575,0.0412,0,0.0705,0.8549,0.5139,0,-0.0057,0.5155,-0.8568,0,0,0,0,1]},{"frame":2,"values":[-0.9975,0.0575,0.0412,0,0.0705,0.8549,0.5139,0,-0.0057,0.5155,-0.8568,0,0,0,0,1]},{"frame":3,"values":[-0.9975,0.0575,0.0412,0,0.0705,0.8549,0.5139,0,-0.0057,0.5155,-0.8568,0,0,0,0,1]},{"frame":4,"values":[-0.9975,0.0575,0.0412,0,0.0705,0.8549,0.5139,0,-0.0057,0.5155,-0.8568,0,0,0,0,1]},{"frame":5,"values":[-0.9975,0.0575,0.0412,0,0.0705,0.8549,0.5139,0,-0.0057,0.5155,-0.8568,0,0,0,0,1]},{"frame":6,"values":[-0.9975,0.0575,0.0412,0,0.0705,0.8549,0.5139,0,-0.0057,0.5155,-0.8568,0,0,0,0,1]},{"frame":7,"values":[-0.9975,0.0575,0.0412,0,0.0705,0.8549,0.5139,0,-0.0057,0.5155,-0.8568,0,0,0,0,1]},{"frame":8,"values":[-0.9975,0.0575,0.0412,0,0.0705,0.8549,0.5139,0,-0.0057,0.5155,-0.8568,0,0,0,0,1]},{"frame":9,"values":[-0.9975,0.0575,0.0412,0,0.0705,0.8549,0.5139,0,-0.0057,0.5155,-0.8568,0,0,0,0,1]},{"frame":10,"values":[-0.9975,0.0575,0.0412,0,0.0705,0.8549,0.5139,0,-0.0057,0.5155,-0.8568,0,0,0,0,1]},{"frame":11,"values":[-0.9975,0.0575,0.0412,0,0.0705,0.8549,0.5139,0,-0.0057,0.5155,-0.8568,0,0,0,0,1]},{"frame":12,"values":[-0.9975,0.0575,0.0412,0,0.0705,0.8549,0.5139,0,-0.0057,0.5155,-0.8568,0,0,0,0,1]},{"frame":13,"values":[-0.9975,0.0575,0.0412,0,0.0705,0.8549,0.5139,0,-0.0057,0.5155,-0.8568,0,0,0,0,1]},{"frame":14,"values":[-0.9975,0.0575,0.0412,0,0.0705,0.8549,0.5139,0,-0.0057,0.5155,-0.8568,0,0,0,0,1]},{"frame":15,"values":[-0.9975,0.0575,0.0412,0,0.0705,0.8549,0.5139,0,-0.0057,0.5155,-0.8568,0,0,0,0,1]},{"frame":16,"values":[-0.9975,0.0575,0.0412,0,0.0705,0.8549,0.5139,0,-0.0057,0.5155,-0.8568,0,0,0,0,1]},{"frame":17,"values":[-0.9975,0.0575,0.0412,0,0.0705,0.8549,0.5139,0,-0.0057,0.5155,-0.8568,0,0,0,0,1]},{"frame":18,"values":[-0.9975,0.0575,0.0412,0,0.0705,0.8549,0.5139,0,-0.0057,0.5155,-0.8568,0,0,0,0,1]},{"frame":19,"values":[-0.9975,0.0575,0.0412,0,0.0705,0.8549,0.5139,0,-0.0057,0.5155,-0.8568,0,0,0,0,1]},{"frame":20,"values":[-0.9975,0.0575,0.0412,0,0.0705,0.8549,0.5139,0,-0.0057,0.5155,-0.8568,0,0,0,0,1]},{"frame":21,"values":[-0.9975,0.0575,0.0412,0,0.0705,0.8549,0.5139,0,-0.0057,0.5155,-0.8568,0,0,0,0,1]},{"frame":22,"values":[-0.9975,0.0575,0.0412,0,0.0705,0.8549,0.5139,0,-0.0057,0.5155,-0.8568,0,0,0,0,1]},{"frame":23,"values":[-0.9975,0.0575,0.0412,0,0.0705,0.8549,0.5139,0,-0.0057,0.5155,-0.8568,0,0,0,0,1]},{"frame":24,"values":[-0.9975,0.0575,0.0412,0,0.0705,0.8549,0.5139,0,-0.0057,0.5155,-0.8568,0,0,0,0,1]},{"frame":25,"values":[-0.9975,0.0575,0.0412,0,0.0705,0.8549,0.5139,0,-0.0057,0.5155,-0.8568,0,0,0,0,1]},{"frame":26,"values":[-0.9975,0.0575,0.0412,0,0.0705,0.8549,0.5139,0,-0.0057,0.5155,-0.8568,0,0,0,0,1]},{"frame":27,"values":[-0.9975,0.0575,0.0412,0,0.0705,0.8549,0.5139,0,-0.0057,0.5155,-0.8568,0,0,0,0,1]},{"frame":28,"values":[-0.9975,0.0575,0.0412,0,0.0705,0.8549,0.5139,0,-0.0057,0.5155,-0.8568,0,0,0,0,1]},{"frame":29,"values":[-0.9975,0.0575,0.0412,0,0.0705,0.8549,0.5139,0,-0.0057,0.5155,-0.8568,0,0,0,0,1]},{"frame":30,"values":[-0.9975,0.0575,0.0412,0,0.0705,0.8549,0.5139,0,-0.0057,0.5155,-0.8568,0,0,0,0,1]},{"frame":31,"values":[-0.9975,0.0575,0.0412,0,0.0705,0.8549,0.5139,0,-0.0057,0.5155,-0.8568,0,0,0,0,1]},{"frame":32,"values":[-0.9975,0.0575,0.0412,0,0.0705,0.8549,0.5139,0,-0.0057,0.5155,-0.8568,0,0,0,0,1]},{"frame":33,"values":[-0.9975,0.0575,0.0412,0,0.0705,0.8549,0.5139,0,-0.0057,0.5155,-0.8568,0,0,0,0,1]},{"frame":34,"values":[-0.9975,0.0575,0.0412,0,0.0705,0.8549,0.5139,0,-0.0057,0.5155,-0.8568,0,0,0,0,1]},{"frame":35,"values":[-0.9975,0.0575,0.0412,0,0.0705,0.8549,0.5139,0,-0.0057,0.5155,-0.8568,0,0,0,0,1]},{"frame":36,"values":[-0.9975,0.0575,0.0412,0,0.0705,0.8549,0.5139,0,-0.0057,0.5155,-0.8568,0,0,0,0,1]},{"frame":37,"values":[-0.9975,0.0575,0.0412,0,0.0705,0.8549,0.5139,0,-0.0057,0.5155,-0.8568,0,0,0,0,1]},{"frame":38,"values":[-0.9975,0.0575,0.0412,0,0.0705,0.8549,0.5139,0,-0.0057,0.5155,-0.8568,0,0,0,0,1]},{"frame":39,"values":[-0.9975,0.0575,0.0412,0,0.0705,0.8549,0.5139,0,-0.0057,0.5155,-0.8568,0,0,0,0,1]},{"frame":40,"values":[-0.9975,0.0575,0.0412,0,0.0705,0.8549,0.5139,0,-0.0057,0.5155,-0.8568,0,0,0,0,1]}],"loopBehavior":1,"name":"anim","property":"_matrix"}},
