{"autoClear":true,"clearColor":[0,0,0],"ambientColor":[0,0,0],"gravity":[0,-9.81,0],
"materials":[{"name":"walker.pixelzombie","id":"walker.pixelzombie","ambient":[0.8,0.8,0.8],"diffuse":[0.64,0.64,0.64],"specular":[0.45,0.45,0.45],"emissive":[0,0,0],"specularPower":10,"alpha":1,"backFaceCulling":true}],
"multiMaterials":[],
"skeletons":[{"name":"Armature","id":0,"bones":[
{"name":"Bip01","index":0,"matrix":[-0.0254,0,0,0,0,0,-0.0254,0,0,0.0254,0,0,-0.0023,0.2878,-0.0019,1],"parentBoneIndex":-1,"animation":{"dataType":3,"framePerSecond":24,"keys":[{"frame":1,"values":[-0.0254,0,0,0,0,0,-0.0254,0,0,0.0254,0,0,-0.0023,0.2964,-0.0021,1]},{"frame":2,"values":[-0.0254,0,0,0,0,0,-0.0254,0,0,0.0254,0,0,-0.0023,0.3051,-0.0024,1]},{"frame":3,"values":[-0.0254,0,0,0,0,0,-0.0254,0,0,0.0254,0,0,-0.0023,0.3095,-0.002,1]},{"frame":4,"values":[-0.0254,0,0,0,0,0,-0.0254,0,0,0.0254,0,0,-0.0023,0.3085,-0.0008,1]},{"frame":5,"values":[-0.0254,0,0,0,0,0,-0.0254,0,0,0.0254,0,0,-0.0023,0.3054,0.001,1]},{"frame":6,"values":[-0.0254,0,0,0,0,0,-0.0254,0,0,0.0254,0,0,-0.0023,0.3013,0.0029,1]},{"frame":7,"values":[-0.0254,0,0,0,0,0,-0.0254,0,0,0.0254,0,0,-0.0023,0.2965,0.005,1]},{"frame":8,"values":[-0.0254,0,0,0,0,0,-0.0254,0,0,0.0254,0,0,-0.0023,0.2913,0.0072,1]},{"frame":9,"values":[-0.0254,0,0,0,0,0,-0.0254,0,0,0.0254,0,0,-0.0023,0.2861,0.0092,1]},{"frame":10,"values":[-0.0254,0,0,0,0,0,-0.0254,0,0,0.0254,0,0,-0.0023,0.2812,0.0111,1]},{"frame":11,"values":[-0.0254,0,0,0,0,0,-0.0254,0,0,0.0254,0,0,-0.0023,0.277,0.0127,1]},{"frame":12,"values":[-0.0254,0,0,0,0,0,-0.0254,0,0,0.0254,0,0,-0.0023,0.2737,0.0139,1]},{"frame":13,"values":[-0.0254,0,0,0,0,0,-0.0254,0,0,0.0254,0,0,-0.0023,0.272,0.0146,1]},{"frame":14,"values":[-0.0254,0,0,0,0,0,-0.0254,0,0,0.0254,0,0,-0.0023,0.2719,0.0146,1]},{"frame":15,"values":[-0.0254,0,0,0,0,0,-0.0254,0,0,0.0254,0,0,-0.0023,0.2737,0.0139,1]},{"frame":16,"values":[-0.0254,0,0,0,0,0,-0.0254,0,0,0.0254,0,0,-0.0023,0.2771,0.0126,1]},{"frame":17,"values":[-0.0254,0,0,0,0,0,-0.0254,0,0,0.0254,0,0,-0.0023,0.2819,0.0107,1]},{"frame":18,"values":[-0.0254,0,0,0,0,0,-0.0254,0,0,0.0254,0,0,-0.0023,0.2873,0.0085,1]},{"frame":19,"values":[-0.0254,0,0,0,0,0,-0.0254,0,0,0.0254,0,0,-0.0023,0.2931,0.0062,1]},{"frame":20,"values":[-0.0254,0,0,0,0,0,-0.0254,0,0,0.0254,0,0,-0.0023,0.2986,0.0038,1]},{"frame":21,"values":[-0.0254,0,0,0,0,0,-0.0254,0,0,0.0254,0,0,-0.0023,0.3035,0.0017,1]},{"frame":22,"values":[-0.0254,0,0,0,0,0,-0.0254,0,0,0.0254,0,0,-0.0023,0.3073,-0.0002,1]},{"frame":23,"values":[-0.0254,0,0,0,0,0,-0.0254,0,0,0.0254,0,0,-0.0023,0.3096,-0.0016,1]},{"frame":24,"values":[-0.0254,0,0,0,0,0,-0.0254,0,0,0.0254,0,0,-0.0023,0.31,-0.0025,1]},{"frame":25,"values":[-0.0254,0,0,0,0,0,-0.0254,0,0,0.0254,0,0,-0.0023,0.3081,-0.0029,1]},{"frame":26,"values":[-0.0254,0,0,0,0,0,-0.0254,0,0,0.0254,0,0,-0.0023,0.3048,-0.0029,1]},{"frame":27,"values":[-0.0254,0,0,0,0,0,-0.0254,0,0,0.0254,0,0,-0.0023,0.3006,-0.0027,1]},{"frame":28,"values":[-0.0254,0,0,0,0,0,-0.0254,0,0,0.0254,0,0,-0.0023,0.2962,-0.0024,1]},{"frame":29,"values":[-0.0254,0,0,0,0,0,-0.0254,0,0,0.0254,0,0,-0.0023,0.292,-0.0021,1]},{"frame":30,"values":[-0.0254,0,0,0,0,0,-0.0254,0,0,0.0254,0,0,-0.0023,0.2888,-0.0019,1]},{"frame":31,"values":[-0.0254,0,0,0,0,0,-0.0254,0,0,0.0254,0,0,-0.0023,0.287,-0.0019,1]},{"frame":32,"values":[-0.0254,0,0,0,0,0,-0.0254,0,0,0.0254,0,0,-0.0023,0.2866,-0.0019,1]},{"frame":33,"values":[-0.0254,0,0,0,0,0,-0.0254,0,0,0.0254,0,0,-0.0023,0.2871,-0.0019,1]},{"frame":34,"values":[-0.0254,0,0,0,0,0,-0.0254,0,0,0.0254,0,0,-0.0023,0.2876,-0.0019,1]},{"frame":35,"values":[-0.0254,0,0,0,0,0,-0.0254,0,0,0.0254,0,0,-0.0023,0.2878,-0.0019,1]},{"frame":250,"values":[-0.0254,0,0,0,0,0,-0.0254,0,0,0.0254,0,0,-0.0023,0.2878,-0.0019,1]}],"loopBehavior":1,"name":"anim","property":"_matrix"}},
{"name":"Bip01_Pelvis","index":1,"matrix":[-0.0604,0.9982,0.003,0,0.0608,0.0007,0.9982,0,0.9963,0.0605,-0.0607,0,0,0,0,1],"parentBoneIndex":0,"animation":{"dataType":3,"framePerSecond":24,"keys":[{"frame":1,"values":[-0.0604,0.9982,0.003,0,0.0608,0.0007,0.9982,0,0.9963,0.0605,-0.0607,0,0,0,0,1]},{"frame":2,"values":[-0.0601,0.9982,0.0006,0,0.0605,0.0031,0.9982,0,0.9964,0.06,-0.0606,0,0,0,0,1]},{"frame":3,"values":[-0.0606,0.9982,0.0029,0,0.0607,0.0008,0.9982,0,0.9963,0.0606,-0.0607,0,0,0,0,1]},{"frame":4,"values":[-0.062,0.998,0.0104,0,0.0616,-0.0066,0.9981,0,0.9962,0.0626,-0.0611,0,0,0,0,1]},{"frame":5,"values":[-0.064,0.9977,0.0209,0,0.0628,-0.0169,0.9979,0,0.996,0.0652,-0.0616,0,0,0,0,1]},{"frame":6,"values":[-0.0663,0.9973,0.0328,0,0.0642,-0.0285,0.9975,0,0.9957,0.0683,-0.0621,0,0,0,0,1]},{"frame":7,"values":[-0.0687,0.9966,0.0455,0,0.0657,-0.041,0.997,0,0.9955,0.0715,-0.0627,0,0,0,0,1]},{"frame":8,"values":[-0.0712,0.9957,0.0585,0,0.0673,-0.0537,0.9963,0,0.9952,0.0748,-0.0632,0,0,0,0,1]},{"frame":9,"values":[-0.0735,0.9948,0.071,0,0.0689,-0.0659,0.9954,0,0.9949,0.078,-0.0637,0,0,0,0,1]},{"frame":10,"values":[-0.0756,0.9937,0.0823,0,0.0703,-0.0771,0.9945,0,0.9947,0.081,-0.0641,0,0,0,0,1]},{"frame":11,"values":[-0.0774,0.9927,0.092,0,0.0716,-0.0865,0.9937,0,0.9944,0.0835,-0.0644,0,0,0,0,1]},{"frame":12,"values":[-0.0787,0.9919,0.0994,0,0.0725,-0.0937,0.993,0,0.9943,0.0854,-0.0646,0,0,0,0,1]},{"frame":13,"values":[-0.0794,0.9915,0.1033,0,0.073,-0.0975,0.9926,0,0.9942,0.0864,-0.0647,0,0,0,0,1]},{"frame":14,"values":[-0.0795,0.9915,0.1034,0,0.0731,-0.0977,0.9925,0,0.9942,0.0864,-0.0647,0,0,0,0,1]},{"frame":15,"values":[-0.0787,0.9919,0.0992,0,0.0725,-0.0936,0.993,0,0.9943,0.0853,-0.0646,0,0,0,0,1]},{"frame":16,"values":[-0.0772,0.9928,0.0912,0,0.0715,-0.0858,0.9938,0,0.9944,0.0833,-0.0643,0,0,0,0,1]},{"frame":17,"values":[-0.0751,0.994,0.0799,0,0.07,-0.0747,0.9947,0,0.9947,0.0803,-0.064,0,0,0,0,1]},{"frame":18,"values":[-0.0727,0.9951,0.0667,0,0.0683,-0.0618,0.9957,0,0.995,0.077,-0.0635,0,0,0,0,1]},{"frame":19,"values":[-0.0701,0.9962,0.0526,0,0.0666,-0.0479,0.9966,0,0.9953,0.0733,-0.063,0,0,0,0,1]},{"frame":20,"values":[-0.0674,0.997,0.0383,0,0.0649,-0.0339,0.9973,0,0.9956,0.0697,-0.0624,0,0,0,0,1]},{"frame":21,"values":[-0.0648,0.9976,0.0251,0,0.0633,-0.021,0.9978,0,0.9959,0.0663,-0.0618,0,0,0,0,1]},{"frame":22,"values":[-0.0627,0.9979,0.0138,0,0.062,-0.0099,0.998,0,0.9961,0.0634,-0.0612,0,0,0,0,1]},{"frame":23,"values":[-0.061,0.9981,0.0052,0,0.061,-0.0015,0.9981,0,0.9963,0.0612,-0.0608,0,0,0,0,1]},{"frame":24,"values":[-0.06,0.9982,-0.0001,0,0.0604,0.0037,0.9982,0,0.9964,0.0599,-0.0605,0,0,0,0,1]},{"frame":25,"values":[-0.0596,0.9982,-0.0022,0,0.0602,0.0058,0.9982,0,0.9964,0.0593,-0.0604,0,0,0,0,1]},{"frame":26,"values":[-0.0595,0.9982,-0.0025,0,0.0601,0.006,0.9982,0,0.9964,0.0593,-0.0604,0,0,0,0,1]},{"frame":27,"values":[-0.0597,0.9982,-0.0013,0,0.0603,0.0049,0.9982,0,0.9964,0.0596,-0.0605,0,0,0,0,1]},{"frame":28,"values":[-0.0601,0.9982,0.0005,0,0.0605,0.0031,0.9982,0,0.9964,0.06,-0.0606,0,0,0,0,1]},{"frame":29,"values":[-0.0605,0.9982,0.0025,0,0.0607,0.0012,0.9982,0,0.9963,0.0605,-0.0607,0,0,0,0,1]},{"frame":30,"values":[-0.0607,0.9982,0.0037,0,0.0608,0,0.9981,0,0.9963,0.0608,-0.0607,0,0,0,0,1]},{"frame":31,"values":[-0.0607,0.9981,0.0037,0,0.0608,0,0.9981,0,0.9963,0.0608,-0.0607,0,0,0,0,1]},{"frame":32,"values":[-0.0607,0.9981,0.0037,0,0.0608,0,0.9981,0,0.9963,0.0608,-0.0607,0,0,0,0,1]},{"frame":33,"values":[-0.0607,0.9981,0.0037,0,0.0608,0,0.9981,0,0.9963,0.0608,-0.0607,0,0,0,0,1]},{"frame":34,"values":[-0.0607,0.9981,0.0037,0,0.0608,0,0.9981,0,0.9963,0.0608,-0.0607,0,0,0,0,1]},{"frame":35,"values":[-0.0607,0.9981,0.0037,0,0.0608,0,0.9981,0,0.9963,0.0608,-0.0607,0,0,0,0,1]},{"frame":250,"values":[-0.0607,0.9981,0.0037,0,0.0608,0,0.9981,0,0.9963,0.0608,-0.0607,0,0,0,0,1]}],"loopBehavior":1,"name":"anim","property":"_matrix"}},
{"name":"Bip01_Spine","index":2,"matrix":[-0.006,0.9913,-0.1317,0,-0.0578,0.1312,0.9897,0,0.9983,0.0136,0.0565,0,0,1.1424,0,1],"parentBoneIndex":1,"animation":{"dataType":3,"framePerSecond":24,"keys":[{"frame":1,"values":[-0.006,0.9913,-0.1317,0,-0.0578,0.1312,0.9897,0,0.9983,0.0136,0.0565,0,0,1.1424,0,1]},{"frame":2,"values":[-0.0159,0.9791,-0.2028,0,-0.0557,0.2017,0.9779,0,0.9983,0.0268,0.0513,0,0,1.1424,0,1]},{"frame":3,"values":[-0.0231,0.97,-0.2421,0,-0.0547,0.2406,0.9691,0,0.9982,0.0357,0.0475,0,0,1.1424,0,1]},{"frame":4,"values":[-0.0274,0.9697,-0.2426,0,-0.0545,0.2409,0.969,0,0.9981,0.0397,0.0462,0,0,1.1424,0,1]},{"frame":5,"values":[-0.0315,0.973,-0.2287,0,-0.0545,0.2268,0.9724,0,0.998,0.0431,0.0459,0,0,1.1424,0,1]},{"frame":6,"values":[-0.0357,0.9775,-0.2081,0,-0.0548,0.206,0.977,0,0.9979,0.0463,0.0462,0,0,1.1424,0,1]},{"frame":7,"values":[-0.0397,0.9824,-0.1827,0,-0.0554,0.1804,0.982,0,0.9977,0.0491,0.0472,0,0,1.1424,0,1]},{"frame":8,"values":[-0.0435,0.9871,-0.1544,0,-0.0563,0.1518,0.9868,0,0.9975,0.0516,0.0489,0,0,1.1424,0,1]},{"frame":9,"values":[-0.0466,0.991,-0.1252,0,-0.0576,0.1224,0.9908,0,0.9973,0.0534,0.0513,0,0,1.1424,0,1]},{"frame":10,"values":[-0.0489,0.994,-0.0975,0,-0.059,0.0945,0.9938,0,0.9971,0.0544,0.0541,0,0,1.1424,0,1]},{"frame":11,"values":[-0.0503,0.996,-0.0732,0,-0.0606,0.0702,0.9957,0,0.9969,0.0545,0.0568,0,0,1.1424,0,1]},{"frame":12,"values":[-0.0503,0.9973,-0.0544,0,-0.062,0.0512,0.9968,0,0.9968,0.0535,0.0593,0,0,1.1424,0,1]},{"frame":13,"values":[-0.0486,0.9978,-0.0444,0,-0.0631,0.0413,0.9972,0,0.9968,0.0512,0.0609,0,0,1.1424,0,1]},{"frame":14,"values":[-0.0453,0.998,-0.0434,0,-0.0635,0.0405,0.9972,0,0.997,0.048,0.0615,0,0,1.1424,0,1]},{"frame":15,"values":[-0.0418,0.9979,-0.0494,0,-0.0631,0.0467,0.9969,0,0.9971,0.0448,0.061,0,0,1.1424,0,1]},{"frame":16,"values":[-0.0383,0.9974,-0.0605,0,-0.0621,0.0581,0.9964,0,0.9973,0.0419,0.0597,0,0,1.1424,0,1]},{"frame":17,"values":[-0.0346,0.9965,-0.0766,0,-0.0607,0.0744,0.9954,0,0.9976,0.0391,0.0579,0,0,1.1424,0,1]},{"frame":18,"values":[-0.0305,0.9949,-0.0958,0,-0.0592,0.0939,0.9938,0,0.9978,0.036,0.056,0,0,1.1424,0,1]},{"frame":19,"values":[-0.0256,0.9928,-0.1174,0,-0.0578,0.1158,0.9916,0,0.998,0.0321,0.0544,0,0,1.1424,0,1]},{"frame":20,"values":[-0.0197,0.9899,-0.1405,0,-0.0566,0.1392,0.9887,0,0.9982,0.0274,0.0533,0,0,1.1424,0,1]},{"frame":21,"values":[-0.0122,0.9864,-0.164,0,-0.0557,0.1631,0.985,0,0.9984,0.0211,0.053,0,0,1.1424,0,1]},{"frame":22,"values":[-0.003,0.9823,-0.187,0,-0.0551,0.1866,0.9809,0,0.9985,0.0132,0.0536,0,0,1.1424,0,1]},{"frame":23,"values":[0.0083,0.978,-0.2086,0,-0.0547,0.2087,0.9764,0,0.9985,0.0033,0.0552,0,0,1.1424,0,1]},{"frame":24,"values":[0.0214,0.9735,-0.2277,0,-0.0544,0.2286,0.972,0,0.9983,-0.0085,0.0578,0,0,1.1424,0,1]},{"frame":25,"values":[0.0354,0.9694,-0.2429,0,-0.054,0.2446,0.9681,0,0.9979,-0.0212,0.061,0,0,1.1424,0,1]},{"frame":26,"values":[0.0486,0.9661,-0.2537,0,-0.0537,0.2562,0.9651,0,0.9974,-0.0333,0.0643,0,0,1.1424,0,1]},{"frame":27,"values":[0.0599,0.964,-0.2592,0,-0.0535,0.2624,0.9635,0,0.9968,-0.0438,0.0673,0,0,1.1425,0,1]},{"frame":28,"values":[0.0667,0.9644,-0.2561,0,-0.0538,0.2597,0.9642,0,0.9963,-0.0505,0.0692,0,0,1.1424,0,1]},{"frame":29,"values":[0.0657,0.9688,-0.239,0,-0.055,0.2427,0.9685,0,0.9963,-0.0505,0.0692,0,0,1.1424,0,1]},{"frame":30,"values":[0.0587,0.9754,-0.2126,0,-0.0566,0.2159,0.9748,0,0.9967,-0.0452,0.0679,0,0,1.1424,0,1]},{"frame":31,"values":[0.0472,0.9826,-0.1796,0,-0.0583,0.1822,0.9815,0,0.9972,-0.0358,0.0659,0,0,1.1424,0,1]},{"frame":32,"values":[0.0335,0.9892,-0.1429,0,-0.0596,0.1447,0.9877,0,0.9977,-0.0245,0.0638,0,0,1.1424,0,1]},{"frame":33,"values":[0.0197,0.9942,-0.106,0,-0.0604,0.107,0.9924,0,0.998,-0.0132,0.0621,0,0,1.1424,0,1]},{"frame":34,"values":[0.0078,0.9973,-0.0724,0,-0.0607,0.0727,0.9955,0,0.9981,-0.0034,0.0611,0,0,1.1424,0,1]},{"frame":35,"values":[0.0037,0.9982,-0.0599,0,-0.0607,0.06,0.9963,0,0.9981,0,0.0608,0,0,1.1424,0,1]},{"frame":250,"values":[0.0037,0.9982,-0.0599,0,-0.0607,0.06,0.9963,0,0.9981,0,0.0608,0,0,1.1424,0,1]}],"loopBehavior":1,"name":"anim","property":"_matrix"}},
{"name":"Bip01_Spine1","index":3,"matrix":[0.0255,0.0026,0.9997,0,0.9997,0.0001,-0.0255,0,-0.0002,1,-0.0026,0,1.238,-0.001,0,1],"parentBoneIndex":2,"animation":{"dataType":3,"framePerSecond":24,"keys":[{"frame":1,"values":[0.0255,0.0026,0.9997,0,0.9997,0.0001,-0.0255,0,-0.0002,1,-0.0026,0,1.238,-0.001,0,1]},{"frame":2,"values":[0.0509,0.0051,0.9987,0,0.9987,0.0001,-0.0509,0,-0.0004,1,-0.0051,0,1.238,-0.001,0,1]},{"frame":3,"values":[0.0674,0.0068,0.9977,0,0.9977,0.0001,-0.0674,0,-0.0006,1,-0.0068,0,1.238,-0.001,0,1]},{"frame":4,"values":[0.073,0.0074,0.9973,0,0.9973,0.0004,-0.073,0,-0.0009,1,-0.0073,0,1.238,-0.001,0,1]},{"frame":5,"values":[0.0752,0.0076,0.9971,0,0.9972,0.0013,-0.0752,0,-0.0018,1,-0.0075,0,1.238,-0.001,0,1]},{"frame":6,"values":[0.076,0.0077,0.9971,0,0.9971,0.0025,-0.076,0,-0.0031,1,-0.0074,0,1.238,-0.001,0,1]},{"frame":7,"values":[0.0755,0.0076,0.9971,0,0.9971,0.004,-0.0756,0,-0.0045,1,-0.0073,0,1.238,-0.001,0,1]},{"frame":8,"values":[0.0742,0.0075,0.9972,0,0.9972,0.0053,-0.0743,0,-0.0059,1,-0.0071,0,1.238,-0.001,0,1]},{"frame":9,"values":[0.0723,0.0073,0.9974,0,0.9974,0.0063,-0.0723,0,-0.0069,1,-0.0068,0,1.238,-0.001,0,1]},{"frame":10,"values":[0.0701,0.0071,0.9975,0,0.9975,0.0068,-0.0701,0,-0.0073,1,-0.0066,0,1.238,-0.001,0,1]},{"frame":11,"values":[0.0679,0.0068,0.9977,0,0.9977,0.0065,-0.068,0,-0.0069,1,-0.0064,0,1.238,-0.001,0,1]},{"frame":12,"values":[0.0661,0.0067,0.9978,0,0.9978,0.0051,-0.0662,0,-0.0056,1,-0.0063,0,1.238,-0.001,0,1]},{"frame":13,"values":[0.0651,0.0066,0.9979,0,0.9979,0.0024,-0.0651,0,-0.0028,1,-0.0064,0,1.238,-0.001,0,1]},{"frame":14,"values":[0.0649,0.0065,0.9979,0,0.9979,-0.0019,-0.0649,0,0.0015,1,-0.0067,0,1.238,-0.001,0,1]},{"frame":15,"values":[0.0654,0.0066,0.9978,0,0.9978,-0.008,-0.0653,0,0.0076,0.9999,-0.0071,0,1.238,-0.001,0,1]},{"frame":16,"values":[0.0663,0.0067,0.9978,0,0.9977,-0.0157,-0.0662,0,0.0152,0.9999,-0.0077,0,1.238,-0.001,0,1]},{"frame":17,"values":[0.0676,0.0068,0.9977,0,0.9974,-0.0247,-0.0674,0,0.0242,0.9997,-0.0085,0,1.238,-0.001,0,1]},{"frame":18,"values":[0.0691,0.007,0.9976,0,0.997,-0.0346,-0.0688,0,0.034,0.9994,-0.0093,0,1.238,-0.001,0,1]},{"frame":19,"values":[0.0706,0.0071,0.9975,0,0.9965,-0.045,-0.0702,0,0.0444,0.999,-0.0102,0,1.2379,-0.001,0,1]},{"frame":20,"values":[0.0721,0.0072,0.9974,0,0.9959,-0.0556,-0.0716,0,0.055,0.9984,-0.0112,0,1.2379,-0.001,0,1]},{"frame":21,"values":[0.0734,0.0073,0.9973,0,0.9952,-0.066,-0.0727,0,0.0653,0.9978,-0.0121,0,1.2379,-0.001,0,1]},{"frame":22,"values":[0.0744,0.0073,0.9972,0,0.9944,-0.0759,-0.0736,0,0.0751,0.9971,-0.0129,0,1.2379,-0.001,0,1]},{"frame":23,"values":[0.0749,0.0073,0.9972,0,0.9936,-0.0848,-0.074,0,0.0841,0.9964,-0.0136,0,1.2379,-0.001,0,1]},{"frame":24,"values":[0.075,0.0073,0.9972,0,0.9929,-0.0926,-0.074,0,0.0918,0.9957,-0.0142,0,1.2379,-0.001,0,1]},{"frame":25,"values":[0.0743,0.0073,0.9972,0,0.9924,-0.0986,-0.0732,0,0.0978,0.9951,-0.0145,0,1.2379,-0.001,0,1]},{"frame":26,"values":[0.0728,0.0072,0.9973,0,0.9921,-0.1027,-0.0717,0,0.1019,0.9947,-0.0146,0,1.2379,-0.001,0,1]},{"frame":27,"values":[0.0704,0.0071,0.9975,0,0.9921,-0.1046,-0.0693,0,0.1038,0.9945,-0.0144,0,1.2379,-0.001,0,1]},{"frame":28,"values":[0.0662,0.0069,0.9978,0,0.9926,-0.1023,-0.0652,0,0.1017,0.9947,-0.0136,0,1.2379,-0.001,0,1]},{"frame":29,"values":[0.0589,0.0064,0.9982,0,0.994,-0.093,-0.058,0,0.0925,0.9956,-0.0119,0,1.2379,-0.001,0,1]},{"frame":30,"values":[0.0494,0.0058,0.9988,0,0.9957,-0.079,-0.0488,0,0.0786,0.9969,-0.0097,0,1.2379,-0.001,0,1]},{"frame":31,"values":[0.0384,0.0049,0.9992,0,0.9974,-0.0617,-0.0381,0,0.0615,0.9981,-0.0072,0,1.2379,-0.001,0,1]},{"frame":32,"values":[0.0267,0.0036,0.9996,0,0.9987,-0.0427,-0.0265,0,0.0426,0.9991,-0.0048,0,1.238,-0.001,0,1]},{"frame":33,"values":[0.015,0.0022,0.9999,0,0.9996,-0.0237,-0.015,0,0.0236,0.9997,-0.0025,0,1.238,-0.001,0,1]},{"frame":34,"values":[0.0041,0.0006,1,0,1,-0.0064,-0.0041,0,0.0064,1,-0.0007,0,1.238,-0.001,0,1]},{"frame":35,"values":[0,0,1,0,1,0,0,0,0,1,0,0,1.238,-0.001,0,1]},{"frame":250,"values":[0,0,1,0,1,0,0,0,0,1,0,0,1.238,-0.001,0,1]}],"loopBehavior":1,"name":"anim","property":"_matrix"}},
{"name":"Bip01_Spine2","index":4,"matrix":[0.9987,0.0489,0.013,0,-0.0476,0.9951,-0.0869,0,-0.0171,0.0862,0.9961,0,0,1.2758,0,1],"parentBoneIndex":3,"animation":{"dataType":3,"framePerSecond":24,"keys":[{"frame":1,"values":[0.9987,0.0489,0.013,0,-0.0476,0.9951,-0.0869,0,-0.0171,0.0862,0.9961,0,0,1.2758,0,1]},{"frame":2,"values":[0.9949,0.0986,0.0216,0,-0.0934,0.9804,-0.1737,0,-0.0383,0.1708,0.9846,0,0,1.2758,0,1]},{"frame":3,"values":[0.9911,0.131,0.0249,0,-0.1223,0.9674,-0.2219,0,-0.0531,0.2169,0.9747,0,0,1.2758,0,1]},{"frame":4,"values":[0.9895,0.142,0.0257,0,-0.1328,0.9657,-0.2229,0,-0.0565,0.2172,0.9745,0,0,1.2758,0,1]},{"frame":5,"values":[0.9889,0.1464,0.0263,0,-0.1379,0.9687,-0.2064,0,-0.0556,0.2005,0.9781,0,0,1.2758,0,1]},{"frame":6,"values":[0.9887,0.1478,0.0267,0,-0.1406,0.9732,-0.1818,0,-0.0528,0.176,0.983,0,0,1.2758,0,1]},{"frame":7,"values":[0.9888,0.147,0.0269,0,-0.1413,0.9783,-0.1513,0,-0.0486,0.1458,0.9881,0,0,1.2758,0,1]},{"frame":8,"values":[0.9891,0.1444,0.0269,0,-0.1404,0.9831,-0.1172,0,-0.0434,0.1121,0.9927,0,0,1.2758,0,1]},{"frame":9,"values":[0.9897,0.1406,0.0267,0,-0.138,0.987,-0.0819,0,-0.0379,0.0774,0.9963,0,0,1.2758,0,1]},{"frame":10,"values":[0.9903,0.1362,0.0262,0,-0.1349,0.9897,-0.0483,0,-0.0325,0.0443,0.9985,0,0,1.2758,0,1]},{"frame":11,"values":[0.9909,0.132,0.0256,0,-0.1316,0.9911,-0.0187,0,-0.0278,0.0152,0.9995,0,0,1.2758,0,1]},{"frame":12,"values":[0.9914,0.1285,0.025,0,-0.1286,0.9917,0.0044,0,-0.0242,-0.0076,0.9997,0,0,1.2758,0,1]},{"frame":13,"values":[0.9917,0.1264,0.0246,0,-0.1269,0.9918,0.0169,0,-0.0222,-0.0199,0.9996,0,0,1.2758,0,1]},{"frame":14,"values":[0.9917,0.1261,0.0245,0,-0.1266,0.9918,0.0188,0,-0.0219,-0.0217,0.9995,0,0,1.2758,0,1]},{"frame":15,"values":[0.9916,0.127,0.0247,0,-0.1274,0.9918,0.0124,0,-0.0229,-0.0154,0.9996,0,0,1.2758,0,1]},{"frame":16,"values":[0.9914,0.1288,0.025,0,-0.1289,0.9917,-0.0003,0,-0.0249,-0.003,0.9997,0,0,1.2758,0,1]},{"frame":17,"values":[0.991,0.1313,0.0255,0,-0.1309,0.9912,-0.0187,0,-0.0277,0.0152,0.9995,0,0,1.2758,0,1]},{"frame":18,"values":[0.9906,0.1342,0.0259,0,-0.1331,0.9903,-0.0409,0,-0.0311,0.037,0.9988,0,0,1.2758,0,1]},{"frame":19,"values":[0.9902,0.1372,0.0263,0,-0.1352,0.9886,-0.0658,0,-0.035,0.0616,0.9975,0,0,1.2758,0,1]},{"frame":20,"values":[0.9898,0.1401,0.0266,0,-0.1372,0.9862,-0.0924,0,-0.0391,0.0878,0.9954,0,0,1.2758,0,1]},{"frame":21,"values":[0.9894,0.1427,0.0267,0,-0.1385,0.9831,-0.1195,0,-0.0433,0.1145,0.9925,0,0,1.2758,0,1]},{"frame":22,"values":[0.9891,0.1446,0.0267,0,-0.1393,0.9795,-0.1458,0,-0.0472,0.1405,0.989,0,0,1.2758,0,1]},{"frame":23,"values":[0.989,0.1458,0.0266,0,-0.1392,0.9755,-0.1703,0,-0.0508,0.1648,0.985,0,0,1.2758,0,1]},{"frame":24,"values":[0.989,0.1459,0.0264,0,-0.1382,0.9716,-0.1921,0,-0.0536,0.1863,0.981,0,0,1.2758,0,1]},{"frame":25,"values":[0.9892,0.1445,0.0261,0,-0.1359,0.9684,-0.2092,0,-0.0555,0.2034,0.9775,0,0,1.2758,0,1]},{"frame":26,"values":[0.9896,0.1415,0.0257,0,-0.1324,0.9662,-0.2212,0,-0.0562,0.2155,0.9749,0,0,1.2758,0,1]},{"frame":27,"values":[0.9903,0.1368,0.0253,0,-0.1276,0.9655,-0.2272,0,-0.0555,0.2217,0.9735,0,0,1.2758,0,1]},{"frame":28,"values":[0.9914,0.1287,0.0247,0,-0.12,0.9673,-0.2232,0,-0.0526,0.2183,0.9745,0,0,1.2758,0,1]},{"frame":29,"values":[0.9932,0.1143,0.0234,0,-0.1072,0.9732,-0.2035,0,-0.0461,0.1996,0.9788,0,0,1.2758,0,1]},{"frame":30,"values":[0.9952,0.0957,0.0213,0,-0.0906,0.9807,-0.1731,0,-0.0374,0.1704,0.9847,0,0,1.2758,0,1]},{"frame":31,"values":[0.9971,0.0743,0.018,0,-0.0712,0.9882,-0.1354,0,-0.0279,0.1337,0.9906,0,0,1.2758,0,1]},{"frame":32,"values":[0.9986,0.0515,0.0136,0,-0.05,0.9944,-0.0936,0,-0.0183,0.0928,0.9955,0,0,1.2758,0,1]},{"frame":33,"values":[0.9996,0.0288,0.0082,0,-0.0284,0.9983,-0.0518,0,-0.0097,0.0516,0.9986,0,0,1.2758,0,1]},{"frame":34,"values":[1,0.0079,0.0024,0,-0.0078,0.9999,-0.014,0,-0.0025,0.0139,0.9999,0,0,1.2758,0,1]},{"frame":35,"values":[1,0,0,0,0,1,0,0,0,0,1,0,0,1.2758,0,1]},{"frame":250,"values":[1,0,0,0,0,1,0,0,0,0,1,0,0,1.2758,0,1]}],"loopBehavior":1,"name":"anim","property":"_matrix"}},
{"name":"Bip01_Spine3","index":5,"matrix":[1,0.0083,0,0,-0.0083,1,-0.0014,0,0,0.0014,1,0,0,1.2758,0,1],"parentBoneIndex":4,"animation":{"dataType":3,"framePerSecond":24,"keys":[{"frame":1,"values":[1,0.0083,0,0,-0.0083,1,-0.0014,0,0,0.0014,1,0,0,1.2758,0,1]},{"frame":2,"values":[1,0.0083,0,0,-0.0083,1,-0.0027,0,0,0.0027,1,0,0,1.2758,0,1]},{"frame":3,"values":[1,0.0083,0,0,-0.0083,1,-0.0007,0,0,0.0007,1,0,0,1.2758,0,1]},{"frame":4,"values":[1,0.0083,0,0,-0.0083,0.9999,0.0059,0,0,-0.0059,1,0,0,1.2758,0,1]},{"frame":5,"values":[1,0.0083,0.0001,0,-0.0083,0.9999,0.015,0,0,-0.015,0.9999,0,0,1.2758,0,1]},{"frame":6,"values":[1,0.0083,0.0002,0,-0.0083,0.9996,0.0254,0,0,-0.0254,0.9997,0,0,1.2758,0,1]},{"frame":7,"values":[1,0.0083,0.0003,0,-0.0083,0.9993,0.0366,0,0,-0.0366,0.9993,0,0,1.2758,0,1]},{"frame":8,"values":[1,0.0083,0.0004,0,-0.0083,0.9988,0.0479,0,0,-0.0479,0.9989,0,0,1.2758,0,1]},{"frame":9,"values":[1,0.0083,0.0005,0,-0.0083,0.9982,0.0588,0,0,-0.0588,0.9983,0,0,1.2758,0,1]},{"frame":10,"values":[1,0.0083,0.0006,0,-0.0083,0.9976,0.0688,0,0,-0.0688,0.9976,0,0,1.2758,0,1]},{"frame":11,"values":[1,0.0083,0.0006,0,-0.0083,0.997,0.0772,0,0,-0.0772,0.997,0,0,1.2758,0,1]},{"frame":12,"values":[1,0.0083,0.0007,0,-0.0083,0.9965,0.0836,0,0,-0.0836,0.9965,0,0,1.2758,0,1]},{"frame":13,"values":[1,0.0083,0.0007,0,-0.0083,0.9962,0.087,0,0,-0.087,0.9962,0,0,1.2758,0,1]},{"frame":14,"values":[1,0.0083,0.0007,0,-0.0083,0.9961,0.0875,0,0,-0.0875,0.9962,0,0,1.2758,0,1]},{"frame":15,"values":[1,0.0083,0.0007,0,-0.0083,0.9963,0.0857,0,0,-0.0857,0.9963,0,0,1.2758,0,1]},{"frame":16,"values":[1,0.0083,0.0007,0,-0.0083,0.9966,0.0821,0,0,-0.0821,0.9966,0,0,1.2758,0,1]},{"frame":17,"values":[1,0.0083,0.0006,0,-0.0083,0.997,0.0768,0,0,-0.0768,0.997,0,0,1.2758,0,1]},{"frame":18,"values":[1,0.0083,0.0006,0,-0.0083,0.9975,0.0703,0,0,-0.0703,0.9975,0,0,1.2758,0,1]},{"frame":19,"values":[1,0.0083,0.0005,0,-0.0083,0.998,0.0628,0,0,-0.0628,0.998,0,0,1.2758,0,1]},{"frame":20,"values":[1,0.0083,0.0004,0,-0.0083,0.9985,0.0546,0,0,-0.0546,0.9985,0,0,1.2758,0,1]},{"frame":21,"values":[1,0.0083,0.0004,0,-0.0083,0.9989,0.0459,0,0,-0.0459,0.9989,0,0,1.2758,0,1]},{"frame":22,"values":[1,0.0083,0.0003,0,-0.0083,0.9993,0.0372,0,0,-0.0372,0.9993,0,0,1.2758,0,1]},{"frame":23,"values":[1,0.0083,0.0002,0,-0.0083,0.9996,0.0285,0,0,-0.0285,0.9996,0,0,1.2758,0,1]},{"frame":24,"values":[1,0.0083,0.0002,0,-0.0083,0.9998,0.0202,0,0,-0.0202,0.9998,0,0,1.2758,0,1]},{"frame":25,"values":[1,0.0083,0.0001,0,-0.0083,0.9999,0.0128,0,0,-0.0128,0.9999,0,0,1.2758,0,1]},{"frame":26,"values":[1,0.0083,0,0,-0.0083,0.9999,0.0063,0,0,-0.0063,1,0,0,1.2758,0,1]},{"frame":27,"values":[1,0.0083,0,0,-0.0083,1,0.001,0,0,-0.001,1,0,0,1.2758,0,1]},{"frame":28,"values":[1,0.0083,0,0,-0.0083,1,-0.0027,0,0,0.0027,1,0,0,1.2758,0,1]},{"frame":29,"values":[1,0.0083,0,0,-0.0083,1,-0.0042,0,0,0.0042,1,0,0,1.2758,0,1]},{"frame":30,"values":[1,0.0083,0,0,-0.0083,1,-0.0043,0,0,0.0043,1,0,0,1.2758,0,1]},{"frame":31,"values":[1,0.0083,0,0,-0.0083,1,-0.0035,0,0,0.0035,1,0,0,1.2758,0,1]},{"frame":32,"values":[1,0.0083,0,0,-0.0083,1,-0.0022,0,0,0.0022,1,0,0,1.2758,0,1]},{"frame":33,"values":[1,0.0083,0,0,-0.0083,1,-0.001,0,0,0.001,1,0,0,1.2758,0,1]},{"frame":34,"values":[1,0.0083,0,0,-0.0083,1,-0.0002,0,0,0.0002,1,0,0,1.2758,0,1]},{"frame":35,"values":[1,0.0083,0,0,-0.0083,1,0,0,0,0,1,0,0,1.2758,0,1]},{"frame":250,"values":[1,0.0083,0,0,-0.0083,1,0,0,0,0,1,0,0,1.2758,0,1]}],"loopBehavior":1,"name":"anim","property":"_matrix"}},
{"name":"Bip01_Neck","index":6,"matrix":[0.02,0.9998,0.001,0,-0.0036,-0.001,1,0,0.9998,-0.02,0.0036,0,0,1.4752,0,1],"parentBoneIndex":5,"animation":{"dataType":3,"framePerSecond":24,"keys":[{"frame":1,"values":[0.02,0.9998,0.001,0,-0.0036,-0.001,1,0,0.9998,-0.02,0.0036,0,0,1.4752,0,1]},{"frame":2,"values":[0.0328,0.9995,0.0022,0,-0.0076,-0.002,1,0,0.9994,-0.0328,0.0075,0,0,1.4752,0,1]},{"frame":3,"values":[0.0465,0.9989,0.0035,0,-0.0118,-0.003,0.9999,0,0.9988,-0.0465,0.0117,0,0,1.4752,0,1]},{"frame":4,"values":[0.0607,0.9981,0.005,0,-0.0163,-0.004,0.9999,0,0.998,-0.0607,0.016,0,0,1.4752,0,1]},{"frame":5,"values":[0.0751,0.9972,0.0065,0,-0.0208,-0.0049,0.9998,0,0.997,-0.0752,0.0204,0,0,1.4752,0,1]},{"frame":6,"values":[0.0892,0.996,0.0081,0,-0.0253,-0.0058,0.9997,0,0.9957,-0.0894,0.0246,0,0,1.4752,0,1]},{"frame":7,"values":[0.1029,0.9946,0.0096,0,-0.0296,-0.0066,0.9995,0,0.9942,-0.1032,0.0287,0,0,1.4752,0,1]},{"frame":8,"values":[0.1158,0.9932,0.0112,0,-0.0337,-0.0073,0.9994,0,0.9927,-0.1161,0.0326,0,0,1.4752,0,1]},{"frame":9,"values":[0.1272,0.9918,0.0126,0,-0.0373,-0.0079,0.9993,0,0.9912,-0.1276,0.036,0,0,1.4752,0,1]},{"frame":10,"values":[0.1372,0.9905,0.0138,0,-0.0405,-0.0083,0.9991,0,0.9897,-0.1376,0.039,0,0,1.4752,0,1]},{"frame":11,"values":[0.1452,0.9893,0.0149,0,-0.0431,-0.0087,0.999,0,0.9885,-0.1457,0.0414,0,0,1.4752,0,1]},{"frame":12,"values":[0.1512,0.9884,0.0156,0,-0.045,-0.0089,0.9989,0,0.9875,-0.1517,0.0431,0,0,1.4752,0,1]},{"frame":13,"values":[0.1542,0.9879,0.016,0,-0.046,-0.009,0.9989,0,0.987,-0.1548,0.044,0,0,1.4752,0,1]},{"frame":14,"values":[0.1548,0.9878,0.0161,0,-0.0462,-0.0091,0.9989,0,0.9869,-0.1553,0.0442,0,0,1.4752,0,1]},{"frame":15,"values":[0.1536,0.988,0.016,0,-0.0458,-0.009,0.9989,0,0.9871,-0.1542,0.0439,0,0,1.4752,0,1]},{"frame":16,"values":[0.1513,0.9884,0.0157,0,-0.0451,-0.0089,0.9989,0,0.9875,-0.1519,0.0432,0,0,1.4752,0,1]},{"frame":17,"values":[0.1478,0.9889,0.0152,0,-0.0439,-0.0088,0.999,0,0.988,-0.1483,0.0421,0,0,1.4752,0,1]},{"frame":18,"values":[0.1433,0.9896,0.0146,0,-0.0425,-0.0086,0.9991,0,0.9888,-0.1438,0.0408,0,0,1.4752,0,1]},{"frame":19,"values":[0.1379,0.9904,0.0139,0,-0.0407,-0.0084,0.9991,0,0.9896,-0.1383,0.0392,0,0,1.4752,0,1]},{"frame":20,"values":[0.1317,0.9912,0.0131,0,-0.0387,-0.0081,0.9992,0,0.9905,-0.1321,0.0373,0,0,1.4752,0,1]},{"frame":21,"values":[0.1247,0.9921,0.0122,0,-0.0365,-0.0077,0.9993,0,0.9915,-0.125,0.0352,0,0,1.4752,0,1]},{"frame":22,"values":[0.117,0.9931,0.0113,0,-0.0341,-0.0074,0.9994,0,0.9925,-0.1173,0.033,0,0,1.4752,0,1]},{"frame":23,"values":[0.1089,0.994,0.0103,0,-0.0315,-0.0069,0.9995,0,0.9936,-0.1091,0.0305,0,0,1.4752,0,1]},{"frame":24,"values":[0.1003,0.9949,0.0093,0,-0.0288,-0.0065,0.9996,0,0.9945,-0.1005,0.028,0,0,1.4752,0,1]},{"frame":25,"values":[0.0913,0.9958,0.0083,0,-0.0259,-0.0059,0.9996,0,0.9955,-0.0915,0.0253,0,0,1.4752,0,1]},{"frame":26,"values":[0.0821,0.9966,0.0073,0,-0.023,-0.0054,0.9997,0,0.9964,-0.0822,0.0225,0,0,1.4752,0,1]},{"frame":27,"values":[0.0727,0.9973,0.0062,0,-0.0201,-0.0048,0.9998,0,0.9971,-0.0729,0.0197,0,0,1.4752,0,1]},{"frame":28,"values":[0.0633,0.998,0.0053,0,-0.0171,-0.0042,0.9998,0,0.9978,-0.0634,0.0168,0,0,1.4752,0,1]},{"frame":29,"values":[0.054,0.9985,0.0043,0,-0.0142,-0.0035,0.9999,0,0.9984,-0.054,0.014,0,0,1.4752,0,1]},{"frame":30,"values":[0.0447,0.999,0.0034,0,-0.0113,-0.0029,0.9999,0,0.9989,-0.0448,0.0112,0,0,1.4752,0,1]},{"frame":31,"values":[0.0357,0.9994,0.0025,0,-0.0085,-0.0022,1,0,0.9993,-0.0358,0.0084,0,0,1.4752,0,1]},{"frame":32,"values":[0.0271,0.9996,0.0017,0,-0.0058,-0.0015,1,0,0.9996,-0.0271,0.0058,0,0,1.4752,0,1]},{"frame":33,"values":[0.0189,0.9998,0.0009,0,-0.0033,-0.0009,1,0,0.9998,-0.0189,0.0033,0,0,1.4752,0,1]},{"frame":34,"values":[0.0113,0.9999,0.0002,0,-0.0009,-0.0002,1,0,0.9999,-0.0113,0.0009,0,0,1.4752,0,1]},{"frame":35,"values":[0.0083,1,0,0,0,0,1,0,1,-0.0083,0,0,0,1.4752,0,1]},{"frame":250,"values":[0.0083,1,0,0,0,0,1,0,1,-0.0083,0,0,0,1.4752,0,1]}],"loopBehavior":1,"name":"anim","property":"_matrix"}},
{"name":"Bip01_Head","index":7,"matrix":[-0.4312,-0.0601,0.9002,0,0.8805,0.1896,0.4345,0,-0.1968,0.98,-0.0289,0,1.2862,0.102,0.0212,1],"parentBoneIndex":6,"animation":{"dataType":3,"framePerSecond":24,"keys":[{"frame":1,"values":[-0.4312,-0.0601,0.9002,0,0.8805,0.1896,0.4345,0,-0.1968,0.98,-0.0289,0,1.2862,0.102,0.0212,1]},{"frame":2,"values":[-0.4625,-0.1323,0.8767,0,0.83,0.2831,0.4806,0,-0.3118,0.9499,-0.0212,0,1.2862,0.1021,0.0212,1]},{"frame":3,"values":[-0.4712,-0.1671,0.8661,0,0.8082,0.3116,0.4998,0,-0.3534,0.9354,-0.0118,0,1.2862,0.102,0.0212,1]},{"frame":4,"values":[-0.462,-0.1552,0.8732,0,0.8317,0.2662,0.4873,0,-0.308,0.9514,0.0061,0,1.2862,0.1021,0.0212,1]},{"frame":5,"values":[-0.4473,-0.1277,0.8852,0,0.8652,0.189,0.4645,0,-0.2266,0.9736,0.026,0,1.2862,0.102,0.0212,1]},{"frame":6,"values":[-0.4282,-0.0953,0.8986,0,0.8946,0.0955,0.4365,0,-0.1274,0.9909,0.0444,0,1.2862,0.1021,0.0212,1]},{"frame":7,"values":[-0.4044,-0.0611,0.9125,0,0.9144,-0.009,0.4046,0,-0.0165,0.9981,0.0595,0,1.2862,0.102,0.0212,1]},{"frame":8,"values":[-0.3764,-0.028,0.926,0,0.9212,-0.1179,0.3709,0,0.0988,0.9926,0.0702,0,1.2862,0.102,0.0212,1]},{"frame":9,"values":[-0.3462,0.0015,0.9382,0,0.9144,-0.2231,0.3378,0,0.2098,0.9748,0.0758,0,1.2862,0.1021,0.0212,1]},{"frame":10,"values":[-0.3159,0.0259,0.9484,0,0.897,-0.3175,0.3075,0,0.3091,0.9479,0.0771,0,1.2862,0.102,0.0212,1]},{"frame":11,"values":[-0.2882,0.0443,0.9565,0,0.8741,-0.3956,0.2817,0,0.3909,0.9174,0.0753,0,1.2862,0.102,0.0212,1]},{"frame":12,"values":[-0.2655,0.0566,0.9624,0,0.8523,-0.4527,0.2618,0,0.4505,0.8898,0.072,0,1.2862,0.102,0.0212,1]},{"frame":13,"values":[-0.2519,0.0617,0.9658,0,0.8406,-0.4804,0.25,0,0.4794,0.8749,0.0692,0,1.2862,0.102,0.0212,1]},{"frame":14,"values":[-0.247,0.0604,0.9671,0,0.8419,-0.4808,0.245,0,0.4798,0.8747,0.0679,0,1.2862,0.102,0.0212,1]},{"frame":15,"values":[-0.2473,0.0539,0.9674,0,0.8537,-0.4602,0.2438,0,0.4584,0.8862,0.0678,0,1.2862,0.102,0.0212,1]},{"frame":16,"values":[-0.2505,0.0433,0.9671,0,0.8723,-0.4231,0.2449,0,0.4198,0.905,0.0682,0,1.2862,0.102,0.0212,1]},{"frame":17,"values":[-0.2565,0.0288,0.9661,0,0.8955,-0.3692,0.2487,0,0.3638,0.9289,0.0689,0,1.2862,0.102,0.0212,1]},{"frame":18,"values":[-0.2639,0.0116,0.9645,0,0.9184,-0.3026,0.2549,0,0.2948,0.9531,0.0692,0,1.2862,0.102,0.0212,1]},{"frame":19,"values":[-0.272,-0.0079,0.9623,0,0.938,-0.2256,0.2633,0,0.215,0.9742,0.0688,0,1.2862,0.102,0.0212,1]},{"frame":20,"values":[-0.2803,-0.029,0.9595,0,0.9514,-0.1408,0.2737,0,0.1271,0.9896,0.0671,0,1.2862,0.1021,0.0212,1]},{"frame":21,"values":[-0.2885,-0.0512,0.9561,0,0.9569,-0.0512,0.286,0,0.0343,0.9974,0.0638,0,1.2862,0.1021,0.0212,1]},{"frame":22,"values":[-0.2959,-0.0736,0.9524,0,0.9534,0.0387,0.2992,0,-0.0589,0.9965,0.0587,0,1.2862,0.102,0.0212,1]},{"frame":23,"values":[-0.3025,-0.0957,0.9483,0,0.9414,0.1256,0.3129,0,-0.149,0.9875,0.0521,0,1.2862,0.102,0.0212,1]},{"frame":24,"values":[-0.3082,-0.1166,0.9441,0,0.9225,0.2059,0.3266,0,-0.2325,0.9716,0.0441,0,1.2862,0.102,0.0212,1]},{"frame":25,"values":[-0.3137,-0.1352,0.9398,0,0.8994,0.2751,0.3398,0,-0.3045,0.9519,0.0353,0,1.2862,0.102,0.0212,1]},{"frame":26,"values":[-0.3194,-0.151,0.9355,0,0.8751,0.3319,0.3523,0,-0.3636,0.9312,0.0261,0,1.2862,0.102,0.0212,1]},{"frame":27,"values":[-0.326,-0.163,0.9312,0,0.8529,0.3741,0.3641,0,-0.4078,0.9129,0.0171,0,1.2862,0.102,0.0212,1]},{"frame":28,"values":[-0.3343,-0.168,0.9274,0,0.8394,0.3943,0.374,0,-0.4285,0.9035,0.0091,0,1.2862,0.102,0.0212,1]},{"frame":29,"values":[-0.3449,-0.1596,0.925,0,0.843,0.3807,0.38,0,-0.4128,0.9108,0.0032,0,1.2862,0.102,0.0212,1]},{"frame":30,"values":[-0.3568,-0.1408,0.9235,0,0.857,0.3442,0.3835,0,-0.3719,0.9283,-0.0022,0,1.2862,0.102,0.0212,1]},{"frame":31,"values":[-0.3685,-0.1129,0.9228,0,0.8756,0.2912,0.3853,0,-0.3122,0.95,-0.0084,0,1.2862,0.1021,0.0212,1]},{"frame":32,"values":[-0.3783,-0.0782,0.9224,0,0.8938,0.2284,0.386,0,-0.2409,0.9704,-0.0165,0,1.2862,0.102,0.0212,1]},{"frame":33,"values":[-0.3848,-0.04,0.9221,0,0.9078,0.1641,0.386,0,-0.1668,0.9856,-0.0268,0,1.2862,0.102,0.0212,1]},{"frame":34,"values":[-0.3877,-0.0034,0.9218,0,0.9164,0.1069,0.3858,0,-0.0999,0.9943,-0.0383,0,1.2862,0.102,0.0212,1]},{"frame":35,"values":[-0.3881,0.0103,0.9216,0,0.9185,0.0864,0.3858,0,-0.0756,0.9962,-0.043,0,1.2862,0.102,0.0212,1]},{"frame":250,"values":[-0.3881,0.0103,0.9216,0,0.9185,0.0864,0.3858,0,-0.0756,0.9962,-0.043,0,1.2862,0.102,0.0212,1]}],"loopBehavior":1,"name":"anim","property":"_matrix"}},
{"name":"Bip01_HeadNub","index":8,"matrix":[0,1,0,0,0,0,1,0,1,0,0,0,0,2.8256,0,1],"parentBoneIndex":7,"animation":{"dataType":3,"framePerSecond":24,"keys":[{"frame":1,"values":[0,1,0,0,0,0,1,0,1,0,0,0,0,2.8256,0,1]},{"frame":2,"values":[0,1,0,0,0,0,1,0,1,0,0,0,0,2.8256,0,1]},{"frame":3,"values":[0,1,0,0,0,0,1,0,1,0,0,0,0,2.8256,0,1]},{"frame":4,"values":[0,1,0,0,0,0,1,0,1,0,0,0,0,2.8256,0,1]},{"frame":5,"values":[0,1,0,0,0,0,1,0,1,0,0,0,0,2.8256,0,1]},{"frame":6,"values":[0,1,0,0,0,0,1,0,1,0,0,0,0,2.8256,0,1]},{"frame":7,"values":[0,1,0,0,0,0,1,0,1,0,0,0,0,2.8256,0,1]},{"frame":8,"values":[0,1,0,0,0,0,1,0,1,0,0,0,0,2.8256,0,1]},{"frame":9,"values":[0,1,0,0,0,0,1,0,1,0,0,0,0,2.8256,0,1]},{"frame":10,"values":[0,1,0,0,0,0,1,0,1,0,0,0,0,2.8256,0,1]},{"frame":11,"values":[0,1,0,0,0,0,1,0,1,0,0,0,0,2.8256,0,1]},{"frame":12,"values":[0,1,0,0,0,0,1,0,1,0,0,0,0,2.8256,0,1]},{"frame":13,"values":[0,1,0,0,0,0,1,0,1,0,0,0,0,2.8256,0,1]},{"frame":14,"values":[0,1,0,0,0,0,1,0,1,0,0,0,0,2.8256,0,1]},{"frame":15,"values":[0,1,0,0,0,0,1,0,1,0,0,0,0,2.8256,0,1]},{"frame":16,"values":[0,1,0,0,0,0,1,0,1,0,0,0,0,2.8256,0,1]},{"frame":17,"values":[0,1,0,0,0,0,1,0,1,0,0,0,0,2.8256,0,1]},{"frame":18,"values":[0,1,0,0,0,0,1,0,1,0,0,0,0,2.8256,0,1]},{"frame":19,"values":[0,1,0,0,0,0,1,0,1,0,0,0,0,2.8256,0,1]},{"frame":20,"values":[0,1,0,0,0,0,1,0,1,0,0,0,0,2.8256,0,1]},{"frame":21,"values":[0,1,0,0,0,0,1,0,1,0,0,0,0,2.8256,0,1]},{"frame":22,"values":[0,1,0,0,0,0,1,0,1,0,0,0,0,2.8256,0,1]},{"frame":23,"values":[0,1,0,0,0,0,1,0,1,0,0,0,0,2.8256,0,1]},{"frame":24,"values":[0,1,0,0,0,0,1,0,1,0,0,0,0,2.8256,0,1]},{"frame":25,"values":[0,1,0,0,0,0,1,0,1,0,0,0,0,2.8256,0,1]},{"frame":26,"values":[0,1,0,0,0,0,1,0,1,0,0,0,0,2.8256,0,1]},{"frame":27,"values":[0,1,0,0,0,0,1,0,1,0,0,0,0,2.8256,0,1]},{"frame":28,"values":[0,1,0,0,0,0,1,0,1,0,0,0,0,2.8256,0,1]},{"frame":29,"values":[0,1,0,0,0,0,1,0,1,0,0,0,0,2.8256,0,1]},{"frame":30,"values":[0,1,0,0,0,0,1,0,1,0,0,0,0,2.8256,0,1]},{"frame":31,"values":[0,1,0,0,0,0,1,0,1,0,0,0,0,2.8256,0,1]},{"frame":32,"values":[0,1,0,0,0,0,1,0,1,0,0,0,0,2.8256,0,1]},{"frame":33,"values":[0,1,0,0,0,0,1,0,1,0,0,0,0,2.8256,0,1]},{"frame":34,"values":[0,1,0,0,0,0,1,0,1,0,0,0,0,2.8256,0,1]},{"frame":35,"values":[0,1,0,0,0,0,1,0,1,0,0,0,0,2.8256,0,1]},{"frame":250,"values":[0,1,0,0,0,0,1,0,1,0,0,0,0,2.8256,0,1]}],"loopBehavior":1,"name":"anim","property":"_matrix"}},
{"name":"Bip01_L_Clavicle","index":9,"matrix":[0.8518,-0.3368,0.4013,0,-0.4507,-0.0806,0.889,0,-0.267,-0.9381,-0.2205,0,0.3495,-0.0016,0.5567,1],"parentBoneIndex":6,"animation":{"dataType":3,"framePerSecond":24,"keys":[{"frame":1,"values":[0.8518,-0.3368,0.4013,0,-0.4507,-0.0806,0.889,0,-0.267,-0.9381,-0.2205,0,0.3495,-0.0016,0.5567,1]},{"frame":2,"values":[0.8565,-0.3393,0.389,0,-0.4393,-0.0837,0.8944,0,-0.2709,-0.937,-0.2207,0,0.3566,-0.0042,0.5522,1]},{"frame":3,"values":[0.8613,-0.3419,0.3758,0,-0.4272,-0.0869,0.9,0,-0.275,-0.9357,-0.2209,0,0.3641,-0.007,0.5472,1]},{"frame":4,"values":[0.8662,-0.3446,0.362,0,-0.4144,-0.0904,0.9056,0,-0.2793,-0.9344,-0.2211,0,0.3719,-0.0098,0.5419,1]},{"frame":5,"values":[0.8708,-0.3473,0.3479,0,-0.4014,-0.0939,0.9111,0,-0.2837,-0.9331,-0.2211,0,0.3796,-0.0126,0.5364,1]},{"frame":6,"values":[0.8753,-0.3498,0.3339,0,-0.3885,-0.0974,0.9163,0,-0.288,-0.9317,-0.2212,0,0.3872,-0.0155,0.5309,1]},{"frame":7,"values":[0.8794,-0.3523,0.3204,0,-0.376,-0.1008,0.9211,0,-0.2922,-0.9305,-0.2211,0,0.3945,-0.0182,0.5254,1]},{"frame":8,"values":[0.883,-0.3545,0.3075,0,-0.3641,-0.1041,0.9255,0,-0.2961,-0.9292,-0.221,0,0.4012,-0.0207,0.5202,1]},{"frame":9,"values":[0.8862,-0.3565,0.296,0,-0.3535,-0.107,0.9293,0,-0.2996,-0.9282,-0.2209,0,0.4072,-0.023,0.5154,1]},{"frame":10,"values":[0.8888,-0.3582,0.286,0,-0.3442,-0.1096,0.9325,0,-0.3026,-0.9272,-0.2207,0,0.4124,-0.0249,0.5112,1]},{"frame":11,"values":[0.8908,-0.3595,0.2778,0,-0.3366,-0.1117,0.935,0,-0.3051,-0.9264,-0.2205,0,0.4165,-0.0265,0.5078,1]},{"frame":12,"values":[0.8923,-0.3605,0.2717,0,-0.331,-0.1133,0.9368,0,-0.3069,-0.9259,-0.2204,0,0.4196,-0.0276,0.5052,1]},{"frame":13,"values":[0.8931,-0.361,0.2686,0,-0.3281,-0.1141,0.9377,0,-0.3079,-0.9256,-0.2203,0,0.4211,-0.0282,0.5039,1]},{"frame":14,"values":[0.8932,-0.3611,0.2681,0,-0.3276,-0.1142,0.9379,0,-0.308,-0.9255,-0.2203,0,0.4214,-0.0283,0.5036,1]},{"frame":15,"values":[0.8929,-0.3609,0.2692,0,-0.3287,-0.1139,0.9375,0,-0.3077,-0.9256,-0.2203,0,0.4208,-0.0281,0.5041,1]},{"frame":16,"values":[0.8924,-0.3605,0.2716,0,-0.3309,-0.1133,0.9368,0,-0.307,-0.9258,-0.2204,0,0.4196,-0.0277,0.5051,1]},{"frame":17,"values":[0.8915,-0.3599,0.2752,0,-0.3342,-0.1124,0.9358,0,-0.3059,-0.9262,-0.2205,0,0.4178,-0.027,0.5067,1]},{"frame":18,"values":[0.8903,-0.3592,0.2798,0,-0.3385,-0.1112,0.9344,0,-0.3045,-0.9266,-0.2206,0,0.4155,-0.0261,0.5086,1]},{"frame":19,"values":[0.889,-0.3583,0.2852,0,-0.3435,-0.1098,0.9327,0,-0.3029,-0.9271,-0.2207,0,0.4127,-0.025,0.5109,1]},{"frame":20,"values":[0.8874,-0.3572,0.2915,0,-0.3493,-0.1082,0.9307,0,-0.301,-0.9277,-0.2208,0,0.4095,-0.0238,0.5136,1]},{"frame":21,"values":[0.8855,-0.356,0.2986,0,-0.3559,-0.1064,0.9285,0,-0.2988,-0.9284,-0.2209,0,0.4059,-0.0225,0.5165,1]},{"frame":22,"values":[0.8834,-0.3547,0.3063,0,-0.3629,-0.1044,0.9259,0,-0.2965,-0.9291,-0.221,0,0.4019,-0.021,0.5197,1]},{"frame":23,"values":[0.8811,-0.3533,0.3144,0,-0.3705,-0.1023,0.9232,0,-0.294,-0.9299,-0.2211,0,0.3976,-0.0194,0.523,1]},{"frame":24,"values":[0.8786,-0.3518,0.323,0,-0.3784,-0.1002,0.9202,0,-0.2914,-0.9307,-0.2211,0,0.3931,-0.0177,0.5265,1]},{"frame":25,"values":[0.8759,-0.3502,0.3319,0,-0.3866,-0.0979,0.917,0,-0.2887,-0.9315,-0.2212,0,0.3883,-0.0159,0.5301,1]},{"frame":26,"values":[0.8731,-0.3485,0.341,0,-0.395,-0.0956,0.9137,0,-0.2859,-0.9324,-0.2212,0,0.3834,-0.0141,0.5337,1]},{"frame":27,"values":[0.8701,-0.3468,0.3502,0,-0.4035,-0.0933,0.9102,0,-0.283,-0.9333,-0.2211,0,0.3784,-0.0122,0.5373,1]},{"frame":28,"values":[0.867,-0.3451,0.3594,0,-0.412,-0.091,0.9066,0,-0.2802,-0.9341,-0.2211,0,0.3733,-0.0103,0.5409,1]},{"frame":29,"values":[0.8639,-0.3433,0.3685,0,-0.4205,-0.0887,0.903,0,-0.2773,-0.935,-0.221,0,0.3682,-0.0085,0.5444,1]},{"frame":30,"values":[0.8607,-0.3416,0.3775,0,-0.4287,-0.0865,0.8993,0,-0.2745,-0.9359,-0.2209,0,0.3632,-0.0066,0.5478,1]},{"frame":31,"values":[0.8576,-0.3398,0.3862,0,-0.4367,-0.0844,0.8956,0,-0.2718,-0.9367,-0.2208,0,0.3582,-0.0048,0.5511,1]},{"frame":32,"values":[0.8544,-0.3382,0.3945,0,-0.4444,-0.0823,0.892,0,-0.2692,-0.9375,-0.2206,0,0.3534,-0.0031,0.5542,1]},{"frame":33,"values":[0.8514,-0.3365,0.4023,0,-0.4517,-0.0804,0.8886,0,-0.2667,-0.9382,-0.2204,0,0.3489,-0.0014,0.5571,1]},{"frame":34,"values":[0.8485,-0.335,0.4096,0,-0.4584,-0.0786,0.8853,0,-0.2644,-0.9389,-0.2203,0,0.3446,0.0001,0.5598,1]},{"frame":35,"values":[0.8474,-0.3344,0.4124,0,-0.461,-0.0779,0.884,0,-0.2635,-0.9392,-0.2202,0,0.343,0.0007,0.5608,1]},{"frame":250,"values":[0.8474,-0.3344,0.4124,0,-0.461,-0.0779,0.884,0,-0.2635,-0.9392,-0.2202,0,0.343,0.0007,0.5608,1]}],"loopBehavior":1,"name":"anim","property":"_matrix"}},
